1 0.028 0.2627627627627628 0.052 0.17117117117117117
1 0.171 0.3408408408408408 0.066 0.12312312312312312
1 0.243 0.3138138138138138 0.062 0.0990990990990991
1 0.396 0.26426426426426425 0.064 0.12612612612612611
1 0.436 0.3063063063063063 0.044 0.1021021021021021
1 0.501 0.3063063063063063 0.058 0.1021021021021021
1 0.586 0.32732732732732733 0.048 0.08408408408408409
1 0.687 0.3138138138138138 0.042 0.08108108108108109
1 0.75 0.25975975975975973 0.072 0.12312312312312312
1 0.907 0.34984984984984985 0.046 0.08708708708708708
