0 0.07666666666666666 0.438 0.07866666666666666 0.116
0 0.11533333333333333 0.449 0.04666666666666667 0.098
0 0.10733333333333334 0.366 0.06 0.088
0 0.19 0.398 0.04666666666666667 0.088
0 0.09733333333333333 0.55 0.09333333333333334 0.148
0 0.07533333333333334 0.84 0.14533333333333334 0.264
0 0.266 0.488 0.068 0.104
0 0.298 0.548 0.08933333333333333 0.156
0 0.3453333333333333 0.408 0.05333333333333334 0.092
0 0.36533333333333334 0.372 0.042666666666666665 0.076
0 0.486 0.33 0.036 0.076
0 0.5433333333333333 0.358 0.044 0.084
0 0.5866666666666667 0.344 0.04 0.076
0 0.6753333333333333 0.369 0.05466666666666667 0.102
0 0.524 0.676 0.10933333333333334 0.176
0 0.732 0.624 0.104 0.156
0 0.8406666666666667 0.426 0.06533333333333333 0.112
0 0.8926666666666667 0.429 0.084 0.154
