0 0.19523809523809524 0.3893333333333333 0.03619047619047619 0.058666666666666666
0 0.1 0.5586666666666666 0.07047619047619047 0.11466666666666667
0 0.1838095238095238 0.5226666666666666 0.05523809523809524 0.08
0 0.2419047619047619 0.6053333333333333 0.09142857142857143 0.144
0 0.29619047619047617 0.5253333333333333 0.05142857142857143 0.08533333333333333
0 0.36 0.5333333333333333 0.05333333333333334 0.09066666666666667
0 0.07428571428571429 0.8253333333333334 0.13714285714285715 0.264
0 0.5038095238095238 0.64 0.07809523809523809 0.14933333333333335
0 0.5104761904761905 0.5346666666666666 0.06476190476190476 0.09866666666666667
0 0.5095238095238095 0.36666666666666664 0.03238095238095238 0.06133333333333333
0 0.7019047619047619 0.47733333333333333 0.04 0.058666666666666666
0 0.7285714285714285 0.536 0.05904761904761905 0.09066666666666667
0 0.7971428571428572 0.4693333333333333 0.04380952380952381 0.06933333333333333
