0 0.10673076923076923 0.6166666666666667 0.07115384615384615 0.08974358974358974
0 0.18653846153846154 0.4307692307692308 0.05 0.07179487179487179
0 0.2653846153846154 0.6166666666666667 0.06923076923076923 0.09487179487179487
0 0.2423076923076923 0.7076923076923077 0.09230769230769231 0.12307692307692308
0 0.29134615384615387 0.8179487179487179 0.19423076923076923 0.24102564102564103
0 0.4442307692307692 0.7102564102564103 0.09230769230769231 0.12307692307692308
0 0.4028846153846154 0.5935897435897436 0.05961538461538462 0.10512820512820513
0 0.5298076923076923 0.6141025641025641 0.0673076923076923 0.1
0 0.6509615384615385 0.632051282051282 0.09807692307692308 0.1564102564102564
0 0.6673076923076923 0.823076923076923 0.15384615384615385 0.20512820512820512
0 0.7846153846153846 0.6743589743589744 0.08461538461538462 0.11794871794871795
0 0.8788461538461538 0.7564102564102564 0.13076923076923078 0.18461538461538463
0 0.8596153846153847 0.6256410256410256 0.06538461538461539 0.08205128205128205
0 0.926923076923077 0.6115384615384616 0.06538461538461539 0.08974358974358974
