0 0.182 0.44144144144144143 0.036 0.06006006006006006
0 0.23 0.4954954954954955 0.044 0.08408408408408409
0 0.285 0.43093093093093093 0.038 0.06906906906906907
0 0.322 0.524024024024024 0.08 0.14714714714714713
0 0.343 0.43993993993993996 0.046 0.06906906906906907
0 0.376 0.4924924924924925 0.044 0.09009009009009009
0 0.456 0.5570570570570571 0.12 0.2072072072072072
0 0.58 0.47147147147147145 0.06 0.14414414414414414
0 0.754 0.5285285285285285 0.128 0.18018018018018017
0 0.164 0.44144144144144143 0.024 0.05405405405405406
