0 0.18862815884476533 0.3523035230352303 0.04512635379061372 0.07588075880758807
0 0.2111913357400722 0.45528455284552843 0.039711191335740074 0.07046070460704607
0 0.29873646209386284 0.510840108401084 0.04512635379061372 0.08943089430894309
0 0.33303249097472926 0.46883468834688347 0.04151624548736462 0.07046070460704607
0 0.41335740072202165 0.4878048780487805 0.04693140794223827 0.07046070460704607
0 0.44765342960288806 0.470189701897019 0.036101083032490974 0.06233062330623306
0 0.5306859205776173 0.5149051490514905 0.05054151624548736 0.07588075880758807
0 0.5487364620938628 0.6056910569105691 0.06859205776173286 0.1111111111111111
0 0.5929602888086642 0.4932249322493225 0.048736462093862815 0.07588075880758807
0 0.6642599277978339 0.5718157181571816 0.05776173285198556 0.0921409214092141
0 0.7003610108303249 0.516260162601626 0.02888086642599278 0.06233062330623306
0 0.7870036101083032 0.483739837398374 0.04332129963898917 0.07317073170731707
0 0.8375451263537906 0.483739837398374 0.04332129963898917 0.06775067750677506
0 0.944043321299639 0.6951219512195121 0.09747292418772563 0.18157181571815717
