0 0.32341269841269843 0.7572815533980582 0.07142857142857142 0.13592233009708737
0 0.3541666666666667 0.6229773462783171 0.07738095238095238 0.15857605177993528
0 0.314484126984127 0.47249190938511326 0.08134920634920635 0.13592233009708737
0 0.3373015873015873 0.3705501618122977 0.047619047619047616 0.10679611650485436
0 0.314484126984127 0.5970873786407767 0.057539682539682536 0.10032362459546926
0 0.5049603174603174 0.6294498381877023 0.08134920634920635 0.15210355987055016
0 0.5843253968253969 0.6084142394822006 0.09722222222222222 0.17475728155339806
0 0.5813492063492064 0.35275080906148865 0.06349206349206349 0.11003236245954692
0 0.6974206349206349 0.32524271844660196 0.06944444444444445 0.14563106796116504
0 0.6904761904761905 0.5210355987055016 0.10317460317460317 0.22006472491909385
0 0.7916666666666666 0.656957928802589 0.1111111111111111 0.21359223300970873
