0 0.77 0.6381909547738693 0.21333333333333335 0.18592964824120603
0 0.16166666666666665 0.5125628140703518 0.15 0.1407035175879397
0 0.25166666666666665 0.4849246231155779 0.09666666666666666 0.09547738693467336
0 0.355 0.4472361809045226 0.08333333333333333 0.07537688442211055
0 0.39666666666666667 0.4221105527638191 0.06 0.06532663316582915
0 0.4116666666666667 0.3743718592964824 0.043333333333333335 0.035175879396984924
0 0.47833333333333333 0.4007537688442211 0.056666666666666664 0.04773869346733668
0 0.565 0.46984924623115576 0.09 0.09547738693467336
0 0.57 0.42336683417085424 0.07333333333333333 0.04773869346733668
0 0.5383333333333333 0.4020100502512563 0.05 0.04020100502512563
0 0.525 0.37185929648241206 0.043333333333333335 0.03015075376884422
0 0.5916666666666667 0.38190954773869346 0.03666666666666667 0.035175879396984924
0 0.6166666666666667 0.42085427135678394 0.05333333333333334 0.05778894472361809
0 0.6683333333333333 0.4158291457286432 0.05 0.04773869346733668
0 0.695 0.39824120603015073 0.043333333333333335 0.04271356783919598
0 0.6866666666666666 0.3693467336683417 0.02666666666666667 0.03015075376884422
0 0.7066666666666667 0.3655778894472362 0.03333333333333333 0.032663316582914576
0 0.5866666666666667 0.36055276381909546 0.04666666666666667 0.02763819095477387
0 0.865 0.4886934673366834 0.10333333333333333 0.11809045226130653
0 0.83 0.4334170854271357 0.08666666666666667 0.06281407035175879
0 0.84 0.36809045226130654 0.04666666666666667 0.04271356783919598
0 0.8233333333333334 0.40326633165829145 0.05333333333333334 0.03768844221105527
0 0.33166666666666667 0.3555276381909548 0.043333333333333335 0.04271356783919598
0 0.25333333333333335 0.3869346733668342 0.04666666666666667 0.05025125628140704
0 0.22166666666666668 0.38944723618090454 0.043333333333333335 0.04522613065326633
0 0.165 0.41331658291457285 0.06333333333333334 0.06281407035175879
0 0.051666666666666666 0.4158291457286432 0.056666666666666664 0.05778894472361809
0 0.056666666666666664 0.38190954773869346 0.06666666666666667 0.04522613065326633
0 0.12166666666666667 0.3630653266331658 0.05 0.04271356783919598
0 0.14166666666666666 0.36180904522613067 0.03 0.035175879396984924
0 0.19166666666666668 0.36432160804020103 0.03666666666666667 0.04020100502512563
