0 0.049166666666666664 0.7514792899408284 0.058333333333333334 0.09467455621301775
0 0.045 0.6819526627218935 0.04666666666666667 0.06804733727810651
0 0.05416666666666667 0.6316568047337278 0.03166666666666667 0.05029585798816568
0 0.10916666666666666 0.6405325443786982 0.04833333333333333 0.07396449704142012
0 0.185 0.7470414201183432 0.06333333333333334 0.09763313609467456
0 0.16333333333333333 0.7085798816568047 0.043333333333333335 0.06804733727810651
0 0.15666666666666668 0.6730769230769231 0.03333333333333333 0.05621301775147929
0 0.25166666666666665 0.6760355029585798 0.03666666666666667 0.07396449704142012
0 0.275 0.7233727810650887 0.05 0.09171597633136094
0 0.31666666666666665 0.7869822485207101 0.06 0.09467455621301775
0 0.295 0.650887573964497 0.03 0.07100591715976332
0 0.32083333333333336 0.6553254437869822 0.03166666666666667 0.0621301775147929
0 0.355 0.6834319526627219 0.04 0.08284023668639054
0 0.3983333333333333 0.7056213017751479 0.05 0.09171597633136094
0 0.4533333333333333 0.7189349112426036 0.04 0.07692307692307693
0 0.4608333333333333 0.6538461538461539 0.035 0.07100591715976332
0 0.505 0.6937869822485208 0.03333333333333333 0.0621301775147929
0 0.5541666666666667 0.6908284023668639 0.03166666666666667 0.05621301775147929
0 0.2633333333333333 0.5355029585798816 0.03 0.05917159763313609
0 0.67 0.8121301775147929 0.06 0.10946745562130178
0 0.7116666666666667 0.7633136094674556 0.05 0.09467455621301775
0 0.7316666666666667 0.6952662721893491 0.03333333333333333 0.05917159763313609
0 0.7508333333333334 0.6982248520710059 0.03166666666666667 0.07100591715976332
0 0.8233333333333334 0.7899408284023669 0.05333333333333334 0.10059171597633136
0 0.8316666666666667 0.7440828402366864 0.043333333333333335 0.06804733727810651
0 0.8408333333333333 0.7100591715976331 0.035 0.05325443786982249
0 0.8625 0.7056213017751479 0.03166666666666667 0.05621301775147929
