0 0.1225 0.4592326139088729 0.04833333333333333 0.07434052757793765
0 0.17416666666666666 0.4592326139088729 0.03833333333333333 0.05995203836930456
0 0.25666666666666665 0.49760191846522783 0.06666666666666667 0.10311750599520383
0 0.3616666666666667 0.6822541966426858 0.16 0.2182254196642686
0 0.36833333333333335 0.4580335731414868 0.03333333333333333 0.047961630695443645
0 0.4191666666666667 0.44964028776978415 0.035 0.045563549160671464
0 0.465 0.44844124700239807 0.03 0.03836930455635491
0 0.5166666666666667 0.4712230215827338 0.03333333333333333 0.0407673860911271
0 0.5241666666666667 0.43884892086330934 0.03833333333333333 0.04316546762589928
0 0.57 0.460431654676259 0.03333333333333333 0.047961630695443645
0 0.5741666666666667 0.3824940047961631 0.025 0.03597122302158273
0 0.6825 0.5695443645083933 0.095 0.1366906474820144
0 0.7616666666666667 0.5563549160671463 0.07333333333333333 0.10551558752997602
0 0.845 0.5311750599520384 0.06 0.09352517985611511
0 0.8633333333333333 0.47721822541966424 0.04 0.05755395683453238
0 0.8783333333333333 0.5215827338129496 0.04666666666666667 0.08393285371702638
0 0.925 0.5203836930455635 0.043333333333333335 0.07194244604316546
