0 0.08172231985940245 0.5623342175066313 0.08963093145869948 0.16976127320954906
0 0.054481546572934976 0.44297082228116713 0.07381370826010544 0.11671087533156499
0 0.09226713532513181 0.4230769230769231 0.05799648506151142 0.10875331564986737
0 0.07820738137082602 0.3183023872679045 0.054481546572934976 0.09549071618037135
0 0.05711775043936731 0.27718832891246686 0.033391915641476276 0.03978779840848806
0 0.12214411247803164 0.29442970822281167 0.050966608084358524 0.08488063660477453
0 0.1678383128295255 0.29045092838196285 0.03690685413005272 0.07161803713527852
0 0.21704745166959577 0.34084880636604775 0.043936731107205626 0.07692307692307693
0 0.21704745166959577 0.3010610079575597 0.03690685413005272 0.050397877984084884
0 0.2126537785588752 0.2692307692307692 0.03163444639718805 0.04509283819628647
0 0.18892794376098418 0.4509283819628647 0.06502636203866433 0.11671087533156499
0 0.22407732864674867 0.41644562334217505 0.054481546572934976 0.10079575596816977
0 0.3471001757469244 0.5450928381962865 0.10017574692442882 0.15649867374005305
0 0.3409490333919156 0.4403183023872679 0.06678383128295255 0.08488063660477453
0 0.3233743409490334 0.383289124668435 0.0492091388400703 0.07692307692307693
0 0.3321616871704745 0.34748010610079577 0.0492091388400703 0.07957559681697612
0 0.30492091388400705 0.3169761273209549 0.043936731107205626 0.07692307692307693
0 0.2759226713532513 0.29310344827586204 0.0421792618629174 0.07692307692307693
0 0.343585237258348 0.259946949602122 0.040421792618629174 0.07427055702917772
0 0.4094903339191564 0.246684350132626 0.03866432337434095 0.06896551724137931
0 0.3998242530755712 0.3010610079575597 0.040421792618629174 0.0610079575596817
0 0.4068541300527241 0.3647214854111406 0.043936731107205626 0.09283819628647215
0 0.44024604569420034 0.3912466843501326 0.054481546572934976 0.09283819628647215
0 0.4912126537785589 0.46551724137931033 0.06502636203866433 0.10875331564986737
0 0.5333919156414763 0.5371352785145889 0.07908611599297012 0.11936339522546419
0 0.5 0.2891246684350133 0.04745166959578207 0.07427055702917772
0 0.5518453427065027 0.33819628647214856 0.0421792618629174 0.08222811671087533
0 0.5975395430579965 0.28514588859416445 0.0351493848857645 0.06631299734748011
0 0.6291739894551845 0.32891246684350134 0.0351493848857645 0.06896551724137931
0 0.6388400702987698 0.3859416445623342 0.04745166959578207 0.08753315649867374
0 0.6739894551845342 0.3076923076923077 0.03690685413005272 0.06896551724137931
0 0.6660808435852372 0.259946949602122 0.028119507908611598 0.04774535809018567
0 0.7328646748681898 0.29045092838196285 0.0351493848857645 0.05570291777188329
0 0.7504393673110721 0.32360742705570295 0.056239015817223195 0.06896551724137931
0 0.7451669595782073 0.3647214854111406 0.0492091388400703 0.07692307692307693
0 0.7416520210896309 0.4389920424403183 0.05975395430579965 0.10875331564986737
0 0.8304042179261862 0.4389920424403183 0.050966608084358524 0.11405835543766578
0 0.8611599297012302 0.3978779840848806 0.05272407732864675 0.10610079575596817
0 0.8145869947275922 0.3156498673740053 0.04745166959578207 0.09018567639257294
0 0.9384885764499121 0.5358090185676393 0.08084358523725835 0.14323607427055704
0 0.9490333919156415 0.3912466843501326 0.0492091388400703 0.10344827586206896
0 0.9332161687170475 0.36074270557029176 0.0421792618629174 0.08488063660477453
