0 0.040769230769230766 0.32786885245901637 0.04461538461538461 0.08196721311475409
0 0.13230769230769232 0.3825136612021858 0.04923076923076923 0.09289617486338798
0 0.13538461538461538 0.319672131147541 0.046153846153846156 0.06557377049180328
0 0.39153846153846156 0.7855191256830601 0.13384615384615384 0.27595628415300544
0 0.3892307692307692 0.5997267759562842 0.1076923076923077 0.1721311475409836
0 0.37846153846153846 0.4959016393442623 0.09538461538461539 0.15027322404371585
0 0.5053846153846154 0.3005464480874317 0.06923076923076923 0.18032786885245902
0 0.5861538461538461 0.3401639344262295 0.04 0.10655737704918032
0 0.6084615384615385 0.3797814207650273 0.04153846153846154 0.09836065573770492
0 0.66 0.3743169398907104 0.05846153846153846 0.12568306010928962
0 0.7053846153846154 0.3087431693989071 0.038461538461538464 0.08196721311475409
0 0.7361538461538462 0.5273224043715847 0.09384615384615384 0.18032786885245902
0 0.8484615384615385 0.6079234972677595 0.1 0.22131147540983606
0 0.946923076923077 0.75 0.10307692307692308 0.319672131147541
0 0.8261538461538461 0.46174863387978143 0.05846153846153846 0.12021857923497267
0 0.7738461538461539 0.3237704918032787 0.04923076923076923 0.09016393442622951
