0 0.16274038461538462 0.20416666666666666 0.06826923076923076 0.1
0 0.2078125 0.2517628205128205 0.04879807692307692 0.08493589743589744
0 0.28137019230769234 0.40849358974358974 0.1329326923076923 0.2266025641025641
0 0.5394230769230769 0.45096153846153847 0.11730769230769231 0.18333333333333332
0 0.7016826923076923 0.39839743589743587 0.09326923076923077 0.19038461538461537
0 0.7704326923076923 0.12307692307692308 0.05048076923076923 0.08012820512820513
0 0.6483173076923077 0.10608974358974359 0.058653846153846154 0.09615384615384616
0 0.5703125 0.0985576923076923 0.054086538461538464 0.09326923076923077
0 0.5288461538461539 0.284775641025641 0.06923076923076923 0.11314102564102564
0 0.528125 0.09246794871794872 0.046634615384615385 0.07724358974358975
