0 0.315 0.47058823529411764 0.078 0.13725490196078433
0 0.358 0.6143790849673203 0.096 0.16339869281045752
0 0.338 0.3709150326797386 0.044 0.08823529411764706
0 0.505 0.6258169934640523 0.082 0.14052287581699346
0 0.582 0.6013071895424836 0.096 0.16339869281045752
0 0.588 0.3562091503267974 0.064 0.1111111111111111
0 0.699 0.511437908496732 0.102 0.20588235294117646
0 0.791 0.6519607843137255 0.118 0.20588235294117646
0 0.69 0.31699346405228757 0.068 0.1437908496732026
0 0.743 0.3382352941176471 0.042 0.09477124183006536
