0 0.06565064478311841 0.4734375 0.03751465416178194 0.059375
0 0.20164126611957797 0.490625 0.05158264947245018 0.0625
0 0.2555685814771395 0.4484375 0.035169988276670575 0.04375
0 0.3622508792497069 0.47421875 0.03985932004689332 0.0578125
0 0.3622508792497069 0.4359375 0.03048065650644783 0.040625
0 0.4490035169988277 0.4296875 0.02813599062133646 0.05
0 0.44607268464243843 0.4765625 0.041031652989449004 0.065625
0 0.4835873388042204 0.49609375 0.059788980070339975 0.0984375
0 0.5334114888628371 0.421875 0.02579132473622509 0.04375
0 0.5855803048065651 0.425 0.031652989449003514 0.04375
0 0.5873388042203986 0.46640625 0.03751465416178194 0.0515625
0 0.6465416178194607 0.509375 0.05744431418522861 0.08125
0 0.6787807737397421 0.45078125 0.032825322391559206 0.0453125
0 0.6617819460726846 0.425 0.0246189917936694 0.0375
0 0.6424384525205158 0.4125 0.021101992966002344 0.040625
0 0.7022274325908558 0.3984375 0.023446658851113716 0.034375
0 0.7397420867526378 0.42109375 0.02813599062133646 0.0390625
0 0.7784290738569754 0.4609375 0.044548651817116064 0.071875
0 0.805978898007034 0.40625 0.01992966002344666 0.034375
0 0.8352872215709262 0.42421875 0.031652989449003514 0.0453125
0 0.8933177022274326 0.44765625 0.04220398593200469 0.0640625
0 0.902696365767878 0.41015625 0.02579132473622509 0.0421875
0 0.839390386869871 0.61015625 0.11254396248534584 0.2078125
