0 0.0596234309623431 0.7043010752688172 0.07740585774058577 0.10752688172043011
0 0.07217573221757322 0.6276881720430108 0.027196652719665274 0.0456989247311828
0 0.1087866108786611 0.6196236559139785 0.04184100418410042 0.056451612903225805
0 0.13598326359832635 0.6303763440860215 0.029288702928870293 0.051075268817204304
0 0.1297071129707113 0.7043010752688172 0.06694560669456066 0.10215053763440861
0 0.18619246861924685 0.793010752688172 0.1506276150627615 0.1989247311827957
0 0.17782426778242677 0.6666666666666666 0.04184100418410042 0.06989247311827956
0 0.20188284518828453 0.6397849462365591 0.0397489539748954 0.05913978494623656
0 0.20815899581589958 0.6075268817204301 0.03556485355648536 0.053763440860215055
0 0.27824267782426776 0.7190860215053764 0.08368200836820083 0.12634408602150538
0 0.2897489539748954 0.6397849462365591 0.043933054393305436 0.06451612903225806
0 0.2698744769874477 0.6129032258064516 0.029288702928870293 0.04838709677419355
0 0.303347280334728 0.6021505376344086 0.029288702928870293 0.04838709677419355
0 0.2698744769874477 0.5873655913978495 0.02510460251046025 0.03494623655913978
0 0.3023012552301255 0.5793010752688172 0.027196652719665274 0.0456989247311828
0 0.3692468619246862 0.5161290322580645 0.027196652719665274 0.03763440860215054
0 0.3587866108786611 0.7016129032258065 0.05230125523012552 0.0913978494623656
0 0.3682008368200837 0.6532258064516129 0.03347280334728033 0.05913978494623656
0 0.41631799163179917 0.6895161290322581 0.05439330543933055 0.09408602150537634
0 0.39330543933054396 0.6370967741935484 0.02092050209205021 0.043010752688172046
0 0.4131799163179916 0.6182795698924731 0.027196652719665274 0.04838709677419355
0 0.4246861924686193 0.6451612903225806 0.029288702928870293 0.043010752688172046
0 0.448744769874477 0.6330645161290323 0.03138075313807531 0.051075268817204304
0 0.4476987447698745 0.5994623655913979 0.02510460251046025 0.04838709677419355
0 0.47175732217573224 0.6088709677419355 0.02301255230125523 0.04032258064516129
0 0.5062761506276151 0.6021505376344086 0.02510460251046025 0.04838709677419355
0 0.4989539748953975 0.6532258064516129 0.03138075313807531 0.04838709677419355
0 0.4790794979079498 0.7043010752688172 0.11297071129707113 0.11290322580645161
0 0.5366108786610879 0.8239247311827957 0.16527196652719664 0.2553763440860215
0 0.5805439330543933 0.6868279569892473 0.060669456066945605 0.07795698924731183
0 0.5397489539748954 0.6102150537634409 0.03347280334728033 0.04838709677419355
0 0.5700836820083682 0.6115591397849462 0.027196652719665274 0.051075268817204304
0 0.606694560669456 0.6196236559139785 0.029288702928870293 0.0456989247311828
0 0.6223849372384938 0.6626344086021505 0.0397489539748954 0.06182795698924731
0 0.6527196652719666 0.7083333333333334 0.06276150627615062 0.11559139784946236
0 0.7259414225941423 0.75 0.12133891213389121 0.15591397849462366
0 0.7207112970711297 0.6478494623655914 0.04811715481171548 0.06989247311827956
0 0.6631799163179917 0.646505376344086 0.02510460251046025 0.0456989247311828
0 0.6820083682008368 0.6303763440860215 0.029288702928870293 0.0456989247311828
0 0.6872384937238494 0.6653225806451613 0.03556485355648536 0.056451612903225805
0 0.6338912133891214 0.6008064516129032 0.029288702928870293 0.0456989247311828
0 0.7248953974895398 0.603494623655914 0.03138075313807531 0.051075268817204304
0 0.7594142259414226 0.625 0.029288702928870293 0.051075268817204304
0 0.7876569037656904 0.5981182795698925 0.03138075313807531 0.03494623655913978
0 0.8389121338912134 0.6975806451612904 0.07112970711297072 0.10483870967741936
0 0.8148535564853556 0.6532258064516129 0.03556485355648536 0.053763440860215055
0 0.8399581589958159 0.6303763440860215 0.03138075313807531 0.051075268817204304
0 0.8671548117154811 0.6048387096774194 0.03556485355648536 0.04838709677419355
0 0.9246861924686193 0.7661290322580645 0.10460251046025104 0.15591397849462366
0 0.9215481171548117 0.6989247311827957 0.06485355648535565 0.08602150537634409
0 0.9236401673640168 0.6586021505376344 0.0397489539748954 0.053763440860215055
0 0.9236401673640168 0.625 0.03556485355648536 0.051075268817204304
0 0.944560669456067 0.6102150537634409 0.03556485355648536 0.06451612903225806
