0 0.0775 0.44183864915572235 0.0125 0.024390243902439025
0 0.57875 0.9409005628517824 0.0925 0.10694183864915573
0 0.66125 0.8095684803001876 0.0725 0.11069418386491557
0 0.693125 0.6885553470919324 0.05875 0.0825515947467167
0 0.711875 0.6210131332082551 0.04375 0.0675422138836773
0 0.72625 0.5666041275797373 0.035 0.0450281425891182
0 0.719375 0.5318949343339587 0.03625 0.04690431519699812
0 0.734375 0.5093808630393997 0.02875 0.043151969981238276
0 0.715 0.4821763602251407 0.025 0.03377110694183865
0 0.16125 0.8864915572232646 0.0725 0.09943714821763602
0 0.33875 0.8377110694183865 0.0625 0.08818011257035648
0 0.4275 0.6941838649155723 0.05 0.07879924953095685
0 0.495625 0.6529080675422139 0.03875 0.0675422138836773
0 0.550625 0.599437148217636 0.04125 0.06566604127579738
0 0.58625 0.5525328330206379 0.04 0.06566604127579738
0 0.613125 0.5290806754221389 0.03625 0.05628517823639775
0 0.62875 0.5103189493433395 0.0275 0.04878048780487805
0 0.6375 0.4803001876172608 0.025 0.03377110694183865
0 0.0225 0.7776735459662288 0.0425 0.08442776735459662
0 0.113125 0.7176360225140713 0.04875 0.07692307692307693
0 0.031875 0.6669793621013134 0.03375 0.04690431519699812
0 0.10375 0.6341463414634146 0.0325 0.0525328330206379
0 0.048125 0.5938086303939962 0.02875 0.043151969981238276
0 0.04375 0.5478424015009381 0.0275 0.0375234521575985
0 0.051875 0.5272045028142589 0.02125 0.0300187617260788
0 0.056875 0.49624765478424016 0.01875 0.024390243902439025
0 0.09875 0.5609756097560976 0.0325 0.04878048780487805
0 0.1075 0.5356472795497186 0.02 0.024390243902439025
0 0.09875 0.5093808630393997 0.0175 0.024390243902439025
0 0.12875 0.4812382739212008 0.0175 0.020637898686679174
0 0.1375 0.49906191369606 0.0175 0.02626641651031895
0 0.15 0.5121951219512195 0.02 0.03377110694183865
0 0.1625 0.5403377110694184 0.025 0.04127579737335835
0 0.171875 0.600375234521576 0.03125 0.05628517823639775
0 0.231875 0.6744840525328331 0.04625 0.07692307692307693
0 0.309375 0.6369606003752345 0.04375 0.06191369606003752
0 0.2575 0.575984990619137 0.0325 0.0450281425891182
0 0.2125 0.5337711069418386 0.0275 0.039399624765478425
0 0.2 0.5037523452157598 0.02 0.03564727954971857
0 0.185 0.48405253283302063 0.0175 0.02626641651031895
0 0.1675 0.46716697936210133 0.015 0.0225140712945591
0 0.201875 0.4634146341463415 0.01625 0.0225140712945591
0 0.218125 0.4699812382739212 0.01625 0.028142589118198873
0 0.23875 0.48874296435272047 0.02 0.028142589118198873
0 0.266875 0.5065666041275797 0.02625 0.0375234521575985
0 0.309375 0.5300187617260788 0.02625 0.03564727954971857
0 0.381875 0.5637898686679175 0.03375 0.058161350844277676
0 0.44 0.5356472795497186 0.0375 0.06191369606003752
0 0.47875 0.5206378986866792 0.0325 0.04690431519699812
0 0.395 0.48405253283302063 0.0275 0.0375234521575985
0 0.36875 0.5093808630393997 0.0225 0.043151969981238276
0 0.355625 0.4727954971857411 0.02125 0.04127579737335835
0 0.3125 0.48592870544090055 0.0225 0.04127579737335835
0 0.28125 0.4643527204502814 0.02 0.024390243902439025
0 0.26375 0.4427767354596623 0.015 0.0225140712945591
0 0.230625 0.44840525328330205 0.01625 0.01876172607879925
0 0.313125 0.4474671669793621 0.02125 0.028142589118198873
0 0.311875 0.4202626641651032 0.01625 0.0225140712945591
0 0.329375 0.4071294559099437 0.01375 0.0225140712945591
0 0.345 0.40431519699812385 0.015 0.020637898686679174
0 0.358125 0.42120075046904315 0.01375 0.024390243902439025
0 0.335625 0.42870544090056284 0.01625 0.024390243902439025
0 0.338125 0.45121951219512196 0.01375 0.020637898686679174
0 0.37375 0.4371482176360225 0.015 0.02626641651031895
0 0.409375 0.44840525328330205 0.01625 0.02626641651031895
0 0.393125 0.4277673545966229 0.01375 0.02626641651031895
0 0.375625 0.41181988742964354 0.01375 0.024390243902439025
0 0.391875 0.4052532833020638 0.01625 0.0225140712945591
0 0.405 0.4052532833020638 0.015 0.02626641651031895
0 0.38875 0.3818011257035647 0.01 0.020637898686679174
0 0.3975 0.37617260787992496 0.015 0.020637898686679174
0 0.440625 0.3780487804878049 0.01625 0.020637898686679174
0 0.43 0.4165103189493433 0.015 0.02626641651031895
0 0.441875 0.4052532833020638 0.01375 0.02626641651031895
0 0.455 0.40150093808630394 0.015 0.01876172607879925
0 0.4375 0.43621013133208253 0.0175 0.024390243902439025
0 0.45 0.4324577861163227 0.02 0.024390243902439025
0 0.47 0.41932457786116323 0.015 0.024390243902439025
0 0.479375 0.4155722326454034 0.01125 0.024390243902439025
0 0.498125 0.4071294559099437 0.01875 0.0225140712945591
0 0.450625 0.4821763602251407 0.02375 0.04127579737335835
0 0.465 0.46810506566604126 0.0225 0.03189493433395872
0 0.49375 0.4530956848030019 0.025 0.03189493433395872
0 0.5075 0.4455909943714822 0.02 0.03189493433395872
0 0.52125 0.43151969981238275 0.0125 0.02626641651031895
0 0.533125 0.41838649155722324 0.01625 0.0225140712945591
0 0.543125 0.4146341463414634 0.01125 0.0225140712945591
0 0.5525 0.400562851782364 0.015 0.020637898686679174
0 0.569375 0.38555347091932457 0.01375 0.020637898686679174
0 0.5125 0.4915572232645403 0.03 0.04127579737335835
0 0.5375 0.46810506566604126 0.0225 0.043151969981238276
0 0.55625 0.4596622889305816 0.02 0.0375234521575985
0 0.5675 0.44934333958724204 0.015 0.028142589118198873
0 0.57875 0.43808630393996245 0.0175 0.024390243902439025
0 0.58875 0.4174484052532833 0.0175 0.024390243902439025
0 0.598125 0.40619136960600377 0.01375 0.028142589118198873
0 0.603125 0.39399624765478425 0.01625 0.01876172607879925
0 0.61 0.3827392120075047 0.01 0.01876172607879925
0 0.895 0.8799249530956847 0.085 0.14634146341463414
0 0.87125 0.7410881801125704 0.0675 0.10131332082551595
0 0.864375 0.6594746716697936 0.05125 0.07692307692307693
0 0.85 0.5891181988742964 0.045 0.06378986866791744
0 0.834375 0.5478424015009381 0.03375 0.0450281425891182
0 0.821875 0.5187617260787992 0.02875 0.03564727954971857
0 0.81625 0.49343339587242024 0.03 0.0375234521575985
0 0.798125 0.47560975609756095 0.02375 0.039399624765478425
0 0.795 0.4549718574108818 0.02 0.03564727954971857
0 0.7825 0.4437148217636023 0.02 0.024390243902439025
0 0.77875 0.42964352720450283 0.015 0.02626641651031895
0 0.768125 0.424953095684803 0.00875 0.024390243902439025
0 0.765 0.4155722326454034 0.0125 0.020637898686679174
0 0.755 0.41181988742964354 0.015 0.020637898686679174
0 0.750625 0.400562851782364 0.01125 0.020637898686679174
0 0.746875 0.3902439024390244 0.01125 0.0225140712945591
0 0.7275 0.3883677298311445 0.0125 0.01876172607879925
0 0.73375 0.399624765478424 0.0125 0.01876172607879925
0 0.701875 0.3949343339587242 0.01375 0.020637898686679174
0 0.705625 0.41932457786116323 0.01875 0.028142589118198873
0 0.72125 0.450281425891182 0.0175 0.02626641651031895
0 0.653125 0.4634146341463415 0.01375 0.0225140712945591
0 0.644375 0.4333958724202627 0.01625 0.0225140712945591
0 0.65 0.4174484052532833 0.015 0.024390243902439025
0 0.655 0.399624765478424 0.015 0.0300187617260788
