0 0.10663265306122449 0.6018376722817764 0.08061224489795918 0.14701378254211334
0 0.06326530612244897 0.43032159264931086 0.044897959183673466 0.06738131699846861
0 0.12142857142857143 0.3981623277182236 0.02857142857142857 0.05206738131699847
0 0.14642857142857144 0.43032159264931086 0.03571428571428571 0.05819295558958652
0 0.17755102040816326 0.49770290964777947 0.061224489795918366 0.11332312404287902
0 0.1719387755102041 0.39203675344563554 0.025510204081632654 0.05206738131699847
0 0.18571428571428572 0.4004594180704441 0.024489795918367346 0.04134762633996937
0 0.21122448979591837 0.4012251148545176 0.02857142857142857 0.04900459418070444
0 0.25918367346938775 0.4211332312404288 0.03877551020408163 0.06125574272588055
0 0.3 0.47320061255742724 0.053061224489795916 0.07963246554364471
0 0.3173469387755102 0.5145482388973966 0.05714285714285714 0.09188361408882083
0 0.33418367346938777 0.6324655436447167 0.10306122448979592 0.16845329249617153
0 0.47653061224489796 0.5451761102603369 0.06326530612244897 0.1225114854517611
0 0.43418367346938774 0.4793261868300153 0.04387755102040816 0.07963246554364471
0 0.43520408163265306 0.44104134762633995 0.03571428571428571 0.055130168453292494
0 0.4372448979591837 0.38055130168453294 0.025510204081632654 0.04134762633996937
0 0.4020408163265306 0.39203675344563554 0.024489795918367346 0.042879019908116385
0 0.35306122448979593 0.389739663093415 0.024489795918367346 0.03828483920367534
0 0.3336734693877551 0.3683001531393568 0.022448979591836733 0.03522205206738132
0 0.31785714285714284 0.3996937212863706 0.03163265306122449 0.04900459418070444
0 0.2943877551020408 0.39356814701378257 0.02346938775510204 0.036753445635528334
0 0.2816326530612245 0.36294027565084225 0.018367346938775512 0.033690658499234305
0 0.5010204081632653 0.4349157733537519 0.024489795918367346 0.036753445635528334
0 0.525 0.44104134762633995 0.03979591836734694 0.06738131699846861
0 0.4846938775510204 0.3392036753445635 0.026530612244897958 0.04747320061255743
0 0.49948979591836734 0.38514548238897395 0.025510204081632654 0.03828483920367534
0 0.5428571428571428 0.38131699846860645 0.02040816326530612 0.036753445635528334
0 0.5576530612244898 0.39356814701378257 0.027551020408163266 0.039816232771822356
0 0.5892857142857143 0.3836140888208269 0.02346938775510204 0.04134762633996937
0 0.5887755102040816 0.43568147013782543 0.02857142857142857 0.05359877488514548
0 0.5755102040816327 0.49234303215926495 0.044897959183673466 0.09341500765696784
0 0.6443877551020408 0.4211332312404288 0.04183673469387755 0.08269525267993874
0 0.6214285714285714 0.40505359877488517 0.022448979591836733 0.03828483920367534
0 0.6831632653061225 0.43721286370597245 0.03163265306122449 0.06278713629402756
0 0.685204081632653 0.39203675344563554 0.02346938775510204 0.045941807044410414
0 0.7051020408163265 0.4165390505359878 0.022448979591836733 0.039816232771822356
0 0.7428571428571429 0.40658499234303214 0.02040816326530612 0.04134762633996937
0 0.7678571428571429 0.4548238897396631 0.02959183673469388 0.06738131699846861
0 0.7801020408163265 0.40505359877488517 0.02142857142857143 0.03828483920367534
0 0.8107142857142857 0.42955589586523735 0.03163265306122449 0.05666156202143951
0 0.878061224489796 0.4218989280245023 0.05204081632653061 0.09341500765696784
