0 0.34944444444444445 0.49777777777777776 0.06333333333333334 0.10666666666666667
0 0.29555555555555557 0.3896296296296296 0.07333333333333333 0.09777777777777778
0 0.43833333333333335 0.46814814814814815 0.06555555555555556 0.09777777777777778
0 0.47944444444444445 0.5259259259259259 0.07888888888888888 0.10666666666666667
0 0.5016666666666667 0.48592592592592593 0.06777777777777778 0.1037037037037037
0 0.565 0.5 0.07 0.11703703703703704
0 0.7227777777777777 0.52 0.08555555555555555 0.1362962962962963
0 0.3661111111111111 0.6940740740740741 0.09 0.14074074074074075
0 0.5122222222222222 0.6918518518518518 0.09777777777777778 0.14222222222222222
0 0.7094444444444444 0.7644444444444445 0.13666666666666666 0.16592592592592592
0 0.07388888888888889 0.8629629629629629 0.1388888888888889 0.20592592592592593
