0 0.048134777376654635 0.5974729241877257 0.0914560770156438 0.19494584837545126
0 0.07942238267148015 0.3935018050541516 0.05776173285198556 0.10469314079422383
0 0.11191335740072202 0.4296028880866426 0.06257521058965103 0.09025270758122744
0 0.12936221419975932 0.3953068592057762 0.061371841155234655 0.08664259927797834
0 0.20998796630565583 0.5 0.08543922984356198 0.1407942238267148
0 0.33273164861612514 0.8384476534296029 0.20336943441636582 0.3194945848375451
0 0.26534296028880866 0.40252707581227437 0.06377858002406739 0.09386281588447654
0 0.32190132370637786 0.37906137184115524 0.04693140794223827 0.07220216606498195
0 0.35800240673886885 0.6064981949458483 0.14560770156438027 0.21299638989169675
0 0.43200962695547535 0.40884476534296027 0.05535499398315283 0.11010830324909747
0 0.5234657039711191 0.4648014440433213 0.07942238267148015 0.12815884476534295
0 0.5703971119133574 0.3574007220216607 0.04332129963898917 0.08303249097472924
0 0.6089049338146811 0.3510830324909747 0.03850782190132371 0.0703971119133574
0 0.5006016847172082 0.2184115523465704 0.03369434416365824 0.061371841155234655
0 0.644404332129964 0.44133574007220217 0.06859205776173286 0.13537906137184116
0 0.6889290012033694 0.5063176895306859 0.09025270758122744 0.16787003610108303
0 0.6799037304452467 0.3546931407942238 0.0457280385078219 0.0703971119133574
0 0.7472924187725631 0.38086642599277976 0.05776173285198556 0.09747292418772563
0 0.7539109506618532 0.32942238267148016 0.049338146811071 0.0740072202166065
0 0.7870036101083032 0.3574007220216607 0.052948255114320095 0.08303249097472924
0 0.8634175691937425 0.33574007220216606 0.05174488567990373 0.07942238267148015
0 0.8868832731648616 0.3546931407942238 0.0457280385078219 0.0703971119133574
0 0.9512635379061372 0.3898916967509025 0.06377858002406739 0.10469314079422383
0 0.9675090252707581 0.5640794223826715 0.06257521058965103 0.1967509025270758
0 0.8778580024067388 0.7644404332129964 0.19855595667870035 0.34115523465703973
0 0.8152827918170878 0.48465703971119134 0.07821901323706378 0.12454873646209386
