0 0.24257425742574257 0.46588235294117647 0.0627062706270627 0.11764705882352941
0 0.29372937293729373 0.6647058823529411 0.09900990099009901 0.17647058823529413
0 0.24752475247524752 0.6352941176470588 0.066006600660066 0.11294117647058824
0 0.46782178217821785 0.6529411764705882 0.06765676567656766 0.14823529411764705
0 0.5033003300330033 0.6129411764705882 0.0429042904290429 0.08705882352941176
0 0.556930693069307 0.6152941176470588 0.054455445544554455 0.07764705882352942
0 0.6287128712871287 0.64 0.056105610561056105 0.11294117647058824
0 0.6707920792079208 0.6388235294117647 0.06105610561056106 0.1388235294117647
0 0.7367986798679867 0.6435294117647059 0.10396039603960396 0.19058823529411764
0 0.8481848184818482 0.6188235294117647 0.07260726072607261 0.0988235294117647
0 0.9191419141914191 0.6141176470588235 0.039603960396039604 0.08941176470588236
0 0.9603960396039604 0.6517647058823529 0.07590759075907591 0.1223529411764706
