0 0.13529411764705881 0.6715686274509803 0.06764705882352941 0.10784313725490197
0 0.23602941176470588 0.5774509803921568 0.054411764705882354 0.09215686274509804
0 0.26029411764705884 0.5392156862745098 0.04411764705882353 0.07058823529411765
0 0.11691176470588235 0.6107843137254902 0.04852941176470588 0.06862745098039216
0 0.13014705882352942 0.5519607843137255 0.051470588235294115 0.060784313725490195
0 0.15073529411764705 0.515686274509804 0.03676470588235294 0.06666666666666667
0 0.11544117647058824 0.4676470588235294 0.039705882352941174 0.056862745098039215
0 0.07279411764705883 0.5284313725490196 0.051470588235294115 0.07647058823529412
0 0.021323529411764706 0.4745098039215686 0.033823529411764704 0.050980392156862744
0 0.04779411764705882 0.45 0.033823529411764704 0.056862745098039215
0 0.020588235294117647 0.4147058823529412 0.029411764705882353 0.041176470588235294
0 0.025 0.36666666666666664 0.029411764705882353 0.0392156862745098
0 0.05073529411764706 0.3784313725490196 0.01911764705882353 0.03529411764705882
0 0.09485294117647058 0.40490196078431373 0.027941176470588237 0.045098039215686274
0 0.11102941176470588 0.37450980392156863 0.022058823529411766 0.03529411764705882
0 0.12720588235294117 0.37254901960784315 0.022058823529411766 0.03137254901960784
0 0.15808823529411764 0.3990196078431373 0.025 0.03725490196078431
0 0.15661764705882353 0.37549019607843137 0.022058823529411766 0.029411764705882353
0 0.12720588235294117 0.442156862745098 0.030882352941176472 0.03333333333333333
0 0.18529411764705883 0.4294117647058823 0.026470588235294117 0.0392156862745098
0 0.19926470588235295 0.46862745098039216 0.03676470588235294 0.047058823529411764
0 0.25 0.4892156862745098 0.041176470588235294 0.049019607843137254
0 0.27941176470588236 0.49411764705882355 0.04411764705882353 0.06274509803921569
0 0.2411764705882353 0.43333333333333335 0.03235294117647059 0.047058823529411764
0 0.2073529411764706 0.4137254901960784 0.03235294117647059 0.0392156862745098
0 0.21470588235294116 0.3735294117647059 0.020588235294117647 0.041176470588235294
0 0.23088235294117648 0.39215686274509803 0.026470588235294117 0.03529411764705882
0 0.25882352941176473 0.40980392156862744 0.029411764705882353 0.047058823529411764
0 0.3058823529411765 0.6450980392156863 0.06470588235294118 0.11764705882352941
0 0.36470588235294116 0.5588235294117647 0.041176470588235294 0.0784313725490196
0 0.4176470588235294 0.5235294117647059 0.041176470588235294 0.06666666666666667
0 0.4147058823529412 0.4372549019607843 0.029411764705882353 0.043137254901960784
0 0.4808823529411765 0.43823529411764706 0.03235294117647059 0.052941176470588235
0 0.5213235294117647 0.4294117647058823 0.030882352941176472 0.050980392156862744
0 0.5235294117647059 0.5009803921568627 0.03823529411764706 0.06470588235294118
0 0.5610294117647059 0.5490196078431373 0.039705882352941174 0.07058823529411765
0 0.6080882352941176 0.5941176470588235 0.051470588235294115 0.08627450980392157
0 0.6389705882352941 0.6294117647058823 0.060294117647058824 0.10196078431372549
0 0.7132352941176471 0.5568627450980392 0.05 0.0784313725490196
0 0.6338235294117647 0.5313725490196078 0.04411764705882353 0.06274509803921569
0 0.6147058823529412 0.5019607843137255 0.04411764705882353 0.06274509803921569
0 0.5661764705882353 0.44313725490196076 0.03235294117647059 0.043137254901960784
0 0.5882352941176471 0.43333333333333335 0.026470588235294117 0.043137254901960784
0 0.6301470588235294 0.44313725490196076 0.033823529411764704 0.043137254901960784
0 0.6676470588235294 0.4392156862745098 0.026470588235294117 0.043137254901960784
0 0.6808823529411765 0.4715686274509804 0.03823529411764706 0.060784313725490195
0 0.725735294117647 0.4950980392156863 0.039705882352941174 0.060784313725490195
0 0.7610294117647058 0.46862745098039216 0.027941176470588237 0.050980392156862744
0 0.7183823529411765 0.44019607843137254 0.027941176470588237 0.03725490196078431
0 0.7316176470588235 0.4264705882352941 0.022058823529411766 0.045098039215686274
0 0.725 0.39019607843137255 0.01764705882352941 0.03529411764705882
0 0.7477941176470588 0.3784313725490196 0.022058823529411766 0.043137254901960784
0 0.7683823529411765 0.39019607843137255 0.01911764705882353 0.03529411764705882
0 0.7801470588235294 0.43823529411764706 0.027941176470588237 0.052941176470588235
0 0.8419117647058824 0.4745098039215686 0.033823529411764704 0.050980392156862744
0 0.8301470588235295 0.538235294117647 0.045588235294117645 0.07647058823529412
0 0.8191176470588235 0.6411764705882353 0.06764705882352941 0.10196078431372549
0 0.9029411764705882 0.6362745098039215 0.061764705882352944 0.1
0 0.9066176470588235 0.5362745098039216 0.039705882352941174 0.06470588235294118
0 0.9625 0.5558823529411765 0.04852941176470588 0.08431372549019608
0 0.8558823529411764 0.5303921568627451 0.047058823529411764 0.07254901960784314
0 0.8948529411764706 0.4725490196078431 0.039705882352941174 0.058823529411764705
0 0.9154411764705882 0.44019607843137254 0.033823529411764704 0.045098039215686274
0 0.9301470588235294 0.4235294117647059 0.022058823529411766 0.03529411764705882
0 0.9654411764705882 0.4166666666666667 0.027941176470588237 0.049019607843137254
0 0.8345588235294118 0.4147058823529412 0.033823529411764704 0.03725490196078431
0 0.8308823529411765 0.43333333333333335 0.023529411764705882 0.03529411764705882
0 0.8720588235294118 0.3931372549019608 0.020588235294117647 0.049019607843137254
0 0.8220588235294117 0.37745098039215685 0.01764705882352941 0.03725490196078431
0 0.9860294117647059 0.38235294117647056 0.016176470588235296 0.03529411764705882
0 0.961764705882353 0.3715686274509804 0.01764705882352941 0.025490196078431372
0 0.9330882352941177 0.3892156862745098 0.016176470588235296 0.03333333333333333
0 0.8970588235294118 0.3843137254901961 0.014705882352941176 0.03529411764705882
0 0.6948529411764706 0.40588235294117647 0.025 0.03529411764705882
0 0.6985294117647058 0.3784313725490196 0.020588235294117647 0.03137254901960784
0 0.700735294117647 0.35 0.016176470588235296 0.025490196078431372
0 0.6764705882352942 0.3607843137254902 0.014705882352941176 0.03529411764705882
0 0.65 0.3803921568627451 0.020588235294117647 0.03529411764705882
0 0.6132352941176471 0.39705882352941174 0.020588235294117647 0.041176470588235294
0 0.5963235294117647 0.3931372549019608 0.01911764705882353 0.03725490196078431
0 0.5676470588235294 0.3941176470588235 0.023529411764705882 0.03529411764705882
0 0.5441176470588235 0.3872549019607843 0.023529411764705882 0.03725490196078431
0 0.5014705882352941 0.3843137254901961 0.01764705882352941 0.027450980392156862
0 0.4823529411764706 0.3872549019607843 0.029411764705882353 0.041176470588235294
0 0.43970588235294117 0.3980392156862745 0.01764705882352941 0.03137254901960784
0 0.3610294117647059 0.37745098039215685 0.030882352941176472 0.03725490196078431
0 0.3963235294117647 0.39019607843137255 0.01911764705882353 0.027450980392156862
0 0.40808823529411764 0.40490196078431373 0.01911764705882353 0.029411764705882353
0 0.8595588235294118 0.353921568627451 0.022058823529411766 0.025490196078431372
0 0.8698529411764706 0.3352941176470588 0.016176470588235296 0.03137254901960784
0 0.8389705882352941 0.3333333333333333 0.022058823529411766 0.03137254901960784
0 0.8102941176470588 0.3509803921568627 0.01764705882352941 0.03137254901960784
0 0.04338235294117647 0.3264705882352941 0.022058823529411766 0.03333333333333333
