0 0.15479274611398963 0.5125 0.06217616580310881 0.11630434782608695
0 0.2768782383419689 0.5157608695652174 0.06023316062176166 0.10760869565217392
0 0.422279792746114 0.5532608695652174 0.054404145077720206 0.11304347826086956
0 0.5378886010362695 0.3755434782608696 0.04339378238341969 0.09239130434782608
0 0.6246761658031088 0.39565217391304347 0.04339378238341969 0.0891304347826087
0 0.6988341968911918 0.5201086956521739 0.05829015544041451 0.125
0 0.788860103626943 0.5027173913043478 0.054404145077720206 0.1358695652173913
0 0.7357512953367875 0.3864130434782609 0.034974093264248704 0.08369565217391305
0 0.7927461139896373 0.24021739130434783 0.046632124352331605 0.08043478260869565
0 0.6998056994818653 0.2505434782608696 0.03950777202072539 0.07934782608695652
0 0.625 0.2559782608695652 0.034974093264248704 0.07282608695652174
0 0.586139896373057 0.22391304347826088 0.034974093264248704 0.08043478260869565
0 0.5414507772020726 0.225 0.03626943005181347 0.08043478260869565
0 0.5058290155440415 0.26902173913043476 0.04145077720207254 0.07717391304347826
0 0.4533678756476684 0.3701086956521739 0.04145077720207254 0.09239130434782608
0 0.43458549222797926 0.23532608695652174 0.034974093264248704 0.08369565217391305
0 0.4637305699481865 0.20869565217391303 0.03238341968911917 0.0782608695652174
0 0.36625647668393785 0.23478260869565218 0.04209844559585492 0.07608695652173914
0 0.31509067357512954 0.37119565217391304 0.052461139896373056 0.10543478260869565
0 0.2924222797927461 0.2657608695652174 0.03950777202072539 0.08152173913043478
0 0.2545336787564767 0.2505434782608696 0.03238341968911917 0.06847826086956521
0 0.21794041450777202 0.25706521739130433 0.03432642487046632 0.07934782608695652
0 0.20433937823834197 0.38206521739130433 0.04598445595854922 0.09021739130434783
0 0.13503886010362695 0.2559782608695652 0.03950777202072539 0.07717391304347826
