0 0.09111111111111111 0.43047337278106507 0.057777777777777775 0.07988165680473373
0 0.18 0.492603550295858 0.07555555555555556 0.10946745562130178
0 0.22777777777777777 0.492603550295858 0.06888888888888889 0.10355029585798817
0 0.35444444444444445 0.5473372781065089 0.11777777777777777 0.15384615384615385
0 0.39111111111111113 0.4511834319526627 0.044444444444444446 0.06804733727810651
0 0.3388888888888889 0.34763313609467456 0.042222222222222223 0.05621301775147929
0 0.5111111111111111 0.48372781065088755 0.05333333333333334 0.07396449704142012
0 0.6 0.4437869822485207 0.035555555555555556 0.05917159763313609
0 0.6622222222222223 0.5 0.07555555555555556 0.09467455621301775
0 0.6277777777777778 0.4985207100591716 0.042222222222222223 0.06804733727810651
0 0.6411111111111111 0.4423076923076923 0.03333333333333333 0.05029585798816568
0 0.5922222222222222 0.8831360946745562 0.26 0.22781065088757396
0 0.7077777777777777 0.46153846153846156 0.06444444444444444 0.07100591715976332
0 0.7688888888888888 0.46893491124260356 0.06666666666666667 0.09763313609467456
0 0.8188888888888889 0.45710059171597633 0.03777777777777778 0.06804733727810651
0 0.8666666666666667 0.4822485207100592 0.08888888888888889 0.1301775147928994
0 0.9633333333333334 0.5207100591715976 0.06888888888888889 0.11242603550295859
0 0.97 0.4718934911242604 0.05555555555555555 0.08579881656804733
