0 0.13 0.46311475409836067 0.06 0.10109289617486339
0 0.12545454545454546 0.3292349726775956 0.04 0.07923497267759563
0 0.28909090909090907 0.4453551912568306 0.06909090909090909 0.12021857923497267
0 0.27 0.3483606557377049 0.04909090909090909 0.08469945355191257
0 0.33090909090909093 0.28415300546448086 0.03636363636363636 0.07650273224043716
0 0.3709090909090909 0.3524590163934426 0.05454545454545454 0.08743169398907104
0 0.39181818181818184 0.41939890710382516 0.06727272727272728 0.10655737704918032
0 0.4218181818181818 0.22404371584699453 0.03636363636363636 0.07103825136612021
0 0.4481818181818182 0.32103825136612024 0.04909090909090909 0.07923497267759563
0 0.5372727272727272 0.36885245901639346 0.06363636363636363 0.1092896174863388
0 0.6527272727272727 0.34972677595628415 0.06181818181818182 0.1092896174863388
0 0.85 0.505464480874317 0.20909090909090908 0.3333333333333333
