0 0.9498600746268657 0.5122893258426966 0.048507462686567165 0.07724719101123595
0 0.8832789179104478 0.5728581460674157 0.07765858208955224 0.12605337078651685
0 0.7691231343283582 0.6583567415730337 0.07136194029850747 0.1446629213483146
0 0.691347947761194 0.6857443820224719 0.1611473880597015 0.25912921348314605
0 0.6027285447761194 0.5207162921348315 0.05153917910447761 0.0898876404494382
0 0.6592817164179104 0.49877106741573035 0.0480410447761194 0.07549157303370786
0 0.691581156716418 0.4652387640449438 0.03148320895522388 0.06601123595505617
0 0.7375233208955224 0.47191011235955055 0.030083955223880597 0.05266853932584269
0 0.7784514925373134 0.46576544943820225 0.034981343283582086 0.07338483146067416
0 0.8148320895522388 0.47208567415730335 0.034981343283582086 0.06285112359550561
0 0.8579757462686567 0.46997893258426965 0.030783582089552237 0.06074438202247191
0 0.8816464552238806 0.47928370786516855 0.032882462686567165 0.06741573033707865
0 0.9134794776119403 0.47401685393258425 0.025186567164179104 0.04424157303370786
0 0.6129897388059702 0.4529494382022472 0.0240205223880597 0.04985955056179775
0 0.6431902985074627 0.4513693820224719 0.029384328358208957 0.046699438202247194
0 0.5989972014925373 0.430126404494382 0.017957089552238806 0.0351123595505618
0 0.5616837686567164 0.44838483146067415 0.02681902985074627 0.04845505617977528
0 0.5643656716417911 0.42292837078651685 0.02005597014925373 0.04108146067415731
0 0.5094449626865671 0.421875 0.019822761194029852 0.03827247191011236
0 0.5232042910447762 0.42047050561797755 0.01842350746268657 0.034058988764044944
0 0.5073460820895522 0.4548806179775281 0.025419776119402986 0.051615168539325844
0 0.4896222014925373 0.46804775280898875 0.05013992537313433 0.08567415730337079
0 0.474580223880597 0.5351123595505618 0.0625 0.11657303370786516
0 0.3970382462686567 0.4957865168539326 0.05013992537313433 0.08356741573033707
0 0.32975746268656714 0.5737359550561798 0.07882462686567164 0.1425561797752809
0 0.15834888059701493 0.6423806179775281 0.10074626865671642 0.18504213483146068
0 0.08500466417910447 0.5330056179775281 0.07066231343283583 0.12078651685393259
0 0.014342350746268656 0.4575140449438202 0.025419776119402986 0.07935393258426966
0 0.021105410447761194 0.43065308988764045 0.028218283582089554 0.06074438202247191
0 0.059468283582089554 0.45821629213483145 0.03917910447761194 0.07443820224719101
0 0.07847481343283583 0.40747893258426965 0.032882462686567165 0.05793539325842697
0 0.05643656716417911 0.34497893258426965 0.024720149253731342 0.034058988764044944
0 0.13432835820895522 0.39975421348314605 0.029384328358208957 0.046699438202247194
0 0.1472714552238806 0.3944873595505618 0.021222014925373133 0.04037921348314607
0 0.1493703358208955 0.46787219101123595 0.05013992537313433 0.07759831460674158
0 0.20452425373134328 0.42450842696629215 0.026119402985074626 0.046348314606741575
0 0.23589085820895522 0.40958567415730335 0.021222014925373133 0.04108146067415731
0 0.2912779850746269 0.48893960674157305 0.05690298507462686 0.08883426966292135
0 0.2965251865671642 0.45400280898876405 0.038479477611940295 0.06601123595505617
0 0.30783582089552236 0.4137991573033708 0.025186567164179104 0.05793539325842697
0 0.32532649253731344 0.4104634831460674 0.02332089552238806 0.037219101123595506
0 0.28043376865671643 0.40747893258426965 0.019822761194029852 0.038974719101123594
0 0.22527985074626866 0.38588483146067415 0.02332089552238806 0.028792134831460675
0 0.3415345149253731 0.4023876404494382 0.021222014925373133 0.04353932584269663
0 0.37231809701492535 0.3960674157303371 0.014225746268656716 0.028792134831460675
0 0.38187966417910446 0.4178370786516854 0.021222014925373133 0.04564606741573034
0 0.4027518656716418 0.3987008426966292 0.026119402985074626 0.042485955056179775
0 0.40531716417910446 0.4548806179775281 0.034981343283582086 0.04950842696629214
0 0.43097014925373134 0.4139747191011236 0.026119402985074626 0.042134831460674156
0 0.45813899253731344 0.4353932584269663 0.022621268656716417 0.04143258426966292
0 0.46012126865671643 0.4104634831460674 0.021455223880597014 0.037219101123595506
