0 0.114 0.3858858858858859 0.044 0.07507507507507508
0 0.062 0.46996996996997 0.024 0.05105105105105105
0 0.021 0.4924924924924925 0.034 0.04804804804804805
0 0.11 0.5795795795795796 0.06 0.0960960960960961
0 0.099 0.5330330330330331 0.05 0.07507507507507508
0 0.025 0.551051051051051 0.042 0.08108108108108109
0 0.176 0.5345345345345346 0.048 0.1021021021021021
0 0.206 0.481981981981982 0.04 0.057057057057057055
0 0.227 0.5900900900900901 0.062 0.1111111111111111
0 0.278 0.4804804804804805 0.028 0.04804804804804805
0 0.291 0.539039039039039 0.042 0.08108108108108109
0 0.368 0.481981981981982 0.028 0.04504504504504504
0 0.444 0.7087087087087087 0.112 0.16216216216216217
0 0.435 0.6246246246246246 0.082 0.11411411411411411
0 0.478 0.4804804804804805 0.04 0.07207207207207207
0 0.539 0.39039039039039036 0.03 0.04804804804804805
0 0.596 0.3993993993993994 0.028 0.04804804804804805
0 0.551 0.6366366366366366 0.074 0.12612612612612611
0 0.592 0.4864864864864865 0.036 0.05405405405405406
0 0.65 0.5855855855855856 0.064 0.10810810810810811
0 0.713 0.3888888888888889 0.018 0.03903903903903904
0 0.807 0.5330330330330331 0.046 0.06906906906906907
0 0.819 0.5075075075075075 0.046 0.07807807807807808
0 0.954 0.6036036036036037 0.064 0.0960960960960961
0 0.945 0.545045045045045 0.046 0.07507507507507508
