0 0.137 0.5653333333333334 0.066 0.09066666666666667
0 0.136 0.424 0.044 0.06933333333333333
0 0.088 0.39466666666666667 0.048 0.06933333333333333
0 0.139 0.332 0.034 0.056
0 0.179 0.3373333333333333 0.038 0.06666666666666667
0 0.209 0.348 0.038 0.06666666666666667
0 0.177 0.404 0.042 0.06666666666666667
0 0.243 0.39066666666666666 0.042 0.06133333333333333
0 0.258 0.5293333333333333 0.052 0.07733333333333334
0 0.281 0.3546666666666667 0.038 0.064
0 0.325 0.31466666666666665 0.034 0.058666666666666666
0 0.357 0.368 0.03 0.058666666666666666
0 0.335 0.41733333333333333 0.046 0.072
0 0.342 0.536 0.056 0.08533333333333333
0 0.398 0.424 0.04 0.06933333333333333
0 0.383 0.36666666666666664 0.03 0.056
0 0.368 0.3333333333333333 0.036 0.058666666666666666
0 0.422 0.33866666666666667 0.032 0.05333333333333334
0 0.468 0.3466666666666667 0.032 0.058666666666666666
0 0.486 0.43866666666666665 0.044 0.07733333333333334
0 0.447 0.5333333333333333 0.046 0.06933333333333333
0 0.539 0.5333333333333333 0.046 0.08
0 0.543 0.42 0.042 0.072
0 0.541 0.3466666666666667 0.034 0.058666666666666666
0 0.506 0.33066666666666666 0.032 0.05333333333333334
0 0.589 0.3426666666666667 0.038 0.06666666666666667
0 0.605 0.44133333333333336 0.042 0.06666666666666667
0 0.644 0.38533333333333336 0.04 0.06133333333333333
0 0.681 0.376 0.034 0.064
0 0.682 0.332 0.028 0.04
0 0.724 0.34933333333333333 0.044 0.05333333333333334
0 0.718 0.3893333333333333 0.044 0.064
0 0.754 0.37866666666666665 0.036 0.058666666666666666
0 0.779 0.33466666666666667 0.034 0.06133333333333333
0 0.819 0.368 0.038 0.064
0 0.85 0.32266666666666666 0.04 0.06933333333333333
0 0.936 0.33466666666666667 0.048 0.072
0 0.912 0.392 0.048 0.06933333333333333
0 0.893 0.524 0.054 0.08266666666666667
0 0.802 0.488 0.048 0.08533333333333333
0 0.707 0.5173333333333333 0.038 0.07466666666666667
0 0.649 0.5386666666666666 0.042 0.064
