0 0.16708333333333333 0.6237037037037036 0.050833333333333335 0.1037037037037037
0 0.14666666666666667 0.4474074074074074 0.051666666666666666 0.10666666666666667
0 0.215 0.47703703703703704 0.045 0.10074074074074074
0 0.2633333333333333 0.5511111111111111 0.04666666666666667 0.10666666666666667
0 0.3283333333333333 0.5488888888888889 0.05 0.10814814814814815
0 0.25666666666666665 0.42074074074074075 0.03833333333333333 0.08296296296296296
0 0.24041666666666667 0.36666666666666664 0.034166666666666665 0.06666666666666667
0 0.28958333333333336 0.3585185185185185 0.034166666666666665 0.05925925925925926
0 0.29 0.4222222222222222 0.045 0.08296296296296296
0 0.355 0.4362962962962963 0.04 0.0874074074074074
0 0.36541666666666667 0.3844444444444444 0.04083333333333333 0.06074074074074074
0 0.3745833333333333 0.36 0.030833333333333334 0.06814814814814815
0 0.41125 0.3748148148148148 0.03916666666666667 0.08296296296296296
0 0.39208333333333334 0.4525925925925926 0.049166666666666664 0.09037037037037036
0 0.3933333333333333 0.585925925925926 0.04833333333333333 0.10518518518518519
0 0.4554166666666667 0.36444444444444446 0.04583333333333333 0.08
0 0.4925 0.3414814814814815 0.04 0.08148148148148149
0 0.5216666666666666 0.33925925925925926 0.03166666666666667 0.07407407407407407
0 0.5570833333333334 0.3288888888888889 0.03916666666666667 0.06814814814814815
0 0.565 0.3977777777777778 0.03666666666666667 0.0874074074074074
0 0.5383333333333333 0.4585185185185185 0.041666666666666664 0.07555555555555556
0 0.5445833333333333 0.5325925925925926 0.04416666666666667 0.09925925925925926
0 0.4870833333333333 0.5562962962962963 0.0425 0.0874074074074074
0 0.59 0.47703703703703704 0.05 0.09481481481481481
0 0.61125 0.4185185185185185 0.04416666666666667 0.08444444444444445
0 0.5966666666666667 0.36444444444444446 0.03166666666666667 0.05333333333333334
0 0.6425 0.38074074074074077 0.035 0.08
0 0.665 0.38666666666666666 0.03666666666666667 0.08592592592592592
0 0.6933333333333334 0.3488888888888889 0.03333333333333333 0.0725925925925926
0 0.7166666666666667 0.4162962962962963 0.04 0.09481481481481481
0 0.74125 0.39925925925925926 0.0425 0.0874074074074074
0 0.7520833333333333 0.3585185185185185 0.035833333333333335 0.07111111111111111
0 0.80375 0.44666666666666666 0.049166666666666664 0.09333333333333334
0 0.81875 0.3940740740740741 0.04583333333333333 0.08296296296296296
0 0.885 0.4474074074074074 0.051666666666666666 0.09185185185185185
0 0.6829166666666666 0.6244444444444445 0.0425 0.0962962962962963
0 0.7279166666666667 0.6207407407407407 0.0375 0.09185185185185185
0 0.8054166666666667 0.5748148148148148 0.04583333333333333 0.09777777777777778
