0 0.055 0.44090056285178236 0.06 0.08630393996247655
0 0.135 0.398686679174484 0.0325 0.058161350844277676
0 0.161875 0.4165103189493433 0.05125 0.0900562851782364
0 0.19625 0.38367729831144465 0.04 0.06566604127579738
0 0.24375 0.4155722326454034 0.04 0.06191369606003752
0 0.279375 0.3968105065666041 0.04125 0.058161350844277676
0 0.25375 0.37429643527204504 0.025 0.04690431519699812
0 0.334375 0.3696060037523452 0.02875 0.05628517823639775
0 0.40625 0.4606003752345216 0.0625 0.09568480300187618
0 0.410625 0.4146341463414634 0.04375 0.06378986866791744
0 0.448125 0.39399624765478425 0.04375 0.075046904315197
0 0.505625 0.27204502814258913 0.02625 0.04878048780487805
0 0.5275 0.3696060037523452 0.04 0.06378986866791744
0 0.551875 0.44183864915572235 0.04625 0.07317073170731707
0 0.575 0.39587242026266417 0.04 0.0675422138836773
0 0.619375 0.46622889305816134 0.06375 0.10694183864915573
0 0.65125 0.38461538461538464 0.0325 0.0525328330206379
0 0.685 0.41275797373358347 0.0275 0.0450281425891182
0 0.71875 0.41838649155722324 0.035 0.0525328330206379
0 0.73125 0.3874296435272045 0.03 0.043151969981238276
0 0.773125 0.3883677298311445 0.03875 0.0600375234521576
0 0.805625 0.43621013133208253 0.05125 0.06191369606003752
0 0.8425 0.42964352720450283 0.03 0.05628517823639775
0 0.949375 0.4896810506566604 0.07375 0.11632270168855535
0 0.933125 0.425891181988743 0.06375 0.0900562851782364
