0 0.04487179487179487 0.42788461538461536 0.041666666666666664 0.052884615384615384
0 0.0625 0.4987980769230769 0.04487179487179487 0.06490384615384616
0 0.11778846153846154 0.5564903846153846 0.052884615384615384 0.06971153846153846
0 0.11378205128205128 0.6346153846153846 0.07051282051282051 0.09134615384615384
0 0.14102564102564102 0.4266826923076923 0.035256410256410256 0.05048076923076923
0 0.19791666666666666 0.46033653846153844 0.03685897435897436 0.06490384615384616
0 0.28685897435897434 0.5132211538461539 0.04487179487179487 0.06490384615384616
0 0.33413461538461536 0.59375 0.05608974358974359 0.08173076923076923
0 0.26121794871794873 0.8966346153846154 0.11217948717948718 0.1875
0 0.5456730769230769 0.7728365384615384 0.09134615384615384 0.1466346153846154
0 0.34775641025641024 0.38822115384615385 0.028846153846153848 0.036057692307692304
0 0.40705128205128205 0.296875 0.028846153846153848 0.04567307692307692
0 0.4014423076923077 0.42427884615384615 0.027243589743589744 0.04567307692307692
0 0.40544871794871795 0.3858173076923077 0.02564102564102564 0.040865384615384616
0 0.47275641025641024 0.39903846153846156 0.028846153846153848 0.038461538461538464
0 0.49439102564102566 0.453125 0.04006410256410257 0.05048076923076923
0 0.5296474358974359 0.3737980769230769 0.027243589743589744 0.040865384615384616
0 0.5801282051282052 0.3605769230769231 0.02564102564102564 0.03365384615384615
0 0.6129807692307693 0.38100961538461536 0.027243589743589744 0.04567307692307692
0 0.6626602564102564 0.3894230769230769 0.02403846153846154 0.038461538461538464
0 0.5865384615384616 0.4387019230769231 0.038461538461538464 0.05048076923076923
0 0.6322115384615384 0.515625 0.046474358974358976 0.07932692307692307
0 0.7299679487179487 0.4879807692307692 0.046474358974358976 0.07211538461538461
0 0.71875 0.4098557692307692 0.03685897435897436 0.05048076923076923
0 0.7652243589743589 0.3954326923076923 0.03365384615384615 0.05048076923076923
0 0.8685897435897436 0.5925480769230769 0.060897435897435896 0.09375
0 0.8894230769230769 0.4423076923076923 0.041666666666666664 0.0625
0 0.9286858974358975 0.4050480769230769 0.03685897435897436 0.05048076923076923
