0 0.193 0.33483483483483484 0.142 0.17717717717717718
0 0.268 0.5255255255255256 0.032 0.05405405405405406
0 0.363 0.481981981981982 0.026 0.05105105105105105
0 0.404 0.493993993993994 0.028 0.04504504504504504
0 0.382 0.6006006006006006 0.036 0.07207207207207207
0 0.44 0.6186186186186187 0.048 0.09009009009009009
0 0.452 0.47897897897897895 0.02 0.03303303303303303
0 0.479 0.466966966966967 0.022 0.04504504504504504
0 0.515 0.45645645645645644 0.022 0.036036036036036036
0 0.559 0.45045045045045046 0.022 0.036036036036036036
0 0.531 0.509009009009009 0.034 0.06306306306306306
0 0.576 0.56006006006006 0.036 0.06306306306306306
0 0.569 0.6906906906906907 0.086 0.15015015015015015
0 0.817 0.9084084084084084 0.138 0.17717717717717718
0 0.696 0.5930930930930931 0.048 0.08108108108108109
0 0.614 0.5135135135135135 0.024 0.036036036036036036
0 0.687 0.46546546546546547 0.026 0.04804804804804805
0 0.699 0.4954954954954955 0.026 0.042042042042042045
0 0.74 0.4744744744744745 0.032 0.04804804804804805
0 0.786 0.512012012012012 0.044 0.06306306306306306
0 0.836 0.484984984984985 0.036 0.05105105105105105
0 0.908 0.5225225225225225 0.048 0.07807807807807808
0 0.923 0.6186186186186187 0.074 0.12612612612612611
0 0.937 0.481981981981982 0.038 0.06306306306306306
