0 0.01845018450184502 0.4769874476987448 0.027675276752767528 0.04184100418410042
0 0.022601476014760147 0.4456066945606695 0.015682656826568265 0.03207810320781032
0 0.03782287822878229 0.4393305439330544 0.01845018450184502 0.02789400278940028
0 0.04059040590405904 0.46931659693165967 0.023985239852398525 0.03765690376569038
0 0.06503690036900368 0.44421199442119946 0.021217712177121772 0.03207810320781032
0 0.08487084870848709 0.4281729428172943 0.02029520295202952 0.030683403068340307
0 0.10009225092250923 0.4400278940027894 0.01937269372693727 0.029288702928870293
0 0.11854243542435425 0.4581589958158996 0.03413284132841329 0.04881450488145049
0 0.10239852398523985 0.42538354253835425 0.02214022140221402 0.02510460251046025
0 0.12730627306273062 0.4225941422594142 0.016605166051660517 0.02789400278940028
0 0.14206642066420663 0.42887029288702927 0.02029520295202952 0.03207810320781032
0 0.1429889298892989 0.4560669456066946 0.02029520295202952 0.03626220362622036
0 0.17250922509225092 0.46443514644351463 0.027675276752767528 0.03905160390516039
0 0.17804428044280443 0.4211994421199442 0.02029520295202952 0.030683403068340307
0 0.19511070110701106 0.40237099023709905 0.015682656826568265 0.029288702928870293
0 0.22001845018450183 0.42189679218967924 0.015682656826568265 0.03207810320781032
0 0.20249077490774908 0.4504881450488145 0.024907749077490774 0.03905160390516039
0 0.2301660516605166 0.48326359832635984 0.035977859778597784 0.04881450488145049
0 0.24492619926199263 0.45536959553695955 0.021217712177121772 0.03486750348675035
0 0.2338560885608856 0.40237099023709905 0.015682656826568265 0.029288702928870293
0 0.27075645756457567 0.4246861924686193 0.023062730627306273 0.03486750348675035
0 0.27075645756457567 0.4525801952580195 0.023062730627306273 0.043235704323570434
0 0.2702952029520295 0.405160390516039 0.014760147601476014 0.03207810320781032
0 0.3025830258302583 0.42747559274755925 0.02029520295202952 0.03486750348675035
0 0.3196494464944649 0.45676429567642957 0.024907749077490774 0.04881450488145049
0 0.3039667896678967 0.3877266387726639 0.017527675276752766 0.030683403068340307
0 0.31595940959409596 0.37796373779637377 0.01014760147601476 0.02789400278940028
0 0.32564575645756455 0.39539748953974896 0.016605166051660517 0.029288702928870293
0 0.33302583025830257 0.42538354253835425 0.02214022140221402 0.03347280334728033
0 0.35424354243542433 0.45188284518828453 0.025830258302583026 0.044630404463040445
0 0.349169741697417 0.3821478382147838 0.013837638376383764 0.02789400278940028
0 0.3607011070110701 0.38284518828451886 0.016605166051660517 0.03207810320781032
0 0.3805350553505535 0.40585774058577406 0.015682656826568265 0.030683403068340307
0 0.37407749077490776 0.38702928870292885 0.011992619926199263 0.02092050209205021
0 0.3879151291512915 0.3772663877266388 0.015682656826568265 0.026499302649930265
0 0.4151291512915129 0.3702928870292887 0.01107011070110701 0.023709902370990237
0 0.43357933579335795 0.37656903765690375 0.014760147601476014 0.02510460251046025
0 0.4280442804428044 0.398186889818689 0.014760147601476014 0.029288702928870293
0 0.44003690036900367 0.40237099023709905 0.016605166051660517 0.03486750348675035
0 0.4275830258302583 0.4790794979079498 0.03413284132841329 0.04881450488145049
0 0.46079335793357934 0.49511854951185497 0.035977859778597784 0.058577405857740586
0 0.47601476014760147 0.4714086471408647 0.02952029520295203 0.03905160390516039
0 0.4654059040590406 0.44630404463040446 0.024907749077490774 0.044630404463040445
0 0.4575645756457565 0.39609483960948394 0.01845018450184502 0.03347280334728033
0 0.4589483394833948 0.37587168758716877 0.01014760147601476 0.023709902370990237
0 0.4483394833948339 0.3723849372384937 0.016605166051660517 0.02789400278940028
0 0.49953874538745385 0.3633193863319386 0.01014760147601476 0.02092050209205021
0 0.5009225092250923 0.3898186889818689 0.01845018450184502 0.03765690376569038
0 0.5083025830258303 0.405160390516039 0.02029520295202952 0.03207810320781032
0 0.518450184501845 0.3877266387726639 0.016605166051660517 0.02789400278940028
0 0.5811808118081181 0.37796373779637377 0.01845018450184502 0.02789400278940028
0 0.5871771217712177 0.3619246861924686 0.011992619926199263 0.02092050209205021
0 0.5913284132841329 0.40237099023709905 0.014760147601476014 0.029288702928870293
0 0.5507380073800738 0.4602510460251046 0.02214022140221402 0.03905160390516039
0 0.49538745387453875 0.4456066945606695 0.027675276752767528 0.029288702928870293
0 0.492619926199262 0.46931659693165967 0.02214022140221402 0.043235704323570434
0 0.5908671586715867 0.4497907949790795 0.023062730627306273 0.04881450488145049
0 0.6070110701107011 0.4609483960948396 0.027675276752767528 0.05439330543933055
0 0.6660516605166051 0.502092050209205 0.055350553505535055 0.08368200836820083
0 0.6411439114391144 0.43444909344490934 0.027675276752767528 0.05160390516039052
0 0.6254612546125461 0.3891213389121339 0.02029520295202952 0.03347280334728033
0 0.6231549815498155 0.3619246861924686 0.013837638376383764 0.026499302649930265
0 0.6646678966789668 0.41562064156206413 0.01937269372693727 0.03905160390516039
0 0.6780442804428044 0.42887029288702927 0.02029520295202952 0.03486750348675035
0 0.6928044280442804 0.3877266387726639 0.01845018450184502 0.03626220362622036
0 0.7246309963099631 0.41283124128312415 0.023062730627306273 0.04184100418410042
0 0.7393911439114391 0.4909344490934449 0.04151291512915129 0.08089260808926081
0 0.7513837638376384 0.405160390516039 0.017527675276752766 0.040446304044630406
0 0.7716789667896679 0.39330543933054396 0.01937269372693727 0.03626220362622036
0 0.7776752767527675 0.37447698744769875 0.01845018450184502 0.023709902370990237
0 0.7924354243542435 0.36401673640167365 0.016605166051660517 0.02510460251046025
0 0.7965867158671587 0.3912133891213389 0.017527675276752766 0.03486750348675035
0 0.816420664206642 0.38145048814504884 0.02029520295202952 0.03207810320781032
0 0.834409594095941 0.37447698744769875 0.013837638376383764 0.026499302649930265
0 0.8500922509225092 0.3695955369595537 0.017527675276752766 0.02789400278940028
0 0.7887453874538746 0.46234309623430964 0.03505535055350553 0.05718270571827057
0 0.8362546125461254 0.4679218967921897 0.03782287822878229 0.06276150627615062
0 0.8588560885608856 0.43235704323570434 0.02952029520295203 0.04741980474198047
0 0.8999077490774908 0.40097629009762903 0.03044280442804428 0.04881450488145049
0 0.941420664206642 0.3842398884239888 0.021217712177121772 0.03765690376569038
0 0.9801660516605166 0.42747559274755925 0.024907749077490774 0.04602510460251046
0 0.9783210332103321 0.3647140864714086 0.01937269372693727 0.03765690376569038
0 0.9907749077490775 0.3807531380753138 0.016605166051660517 0.03347280334728033
0 0.9386531365313653 0.4560669456066946 0.026752767527675275 0.044630404463040445
0 0.9501845018450185 0.5662482566248257 0.06457564575645756 0.12552301255230125
