0 0.3175 0.8033333333333333 0.1625 0.2966666666666667
0 0.1775 0.6383333333333333 0.095 0.16
0 0.04375 0.5416666666666666 0.045 0.08333333333333333
0 0.05875 0.495 0.0375 0.056666666666666664
0 0.019375 0.4533333333333333 0.02875 0.05
0 0.049375 0.4633333333333333 0.02625 0.03333333333333333
0 0.060625 0.44 0.02625 0.03
0 0.078125 0.4525 0.01625 0.025
0 0.10125 0.45416666666666666 0.0325 0.045
0 0.096875 0.495 0.04125 0.06333333333333334
0 0.138125 0.51 0.04125 0.07333333333333333
0 0.136875 0.46166666666666667 0.03125 0.04666666666666667
0 0.130625 0.39666666666666667 0.01875 0.02666666666666667
0 0.22625 0.38333333333333336 0.02 0.03
0 0.3075 0.37416666666666665 0.015 0.035
0 0.345 0.43083333333333335 0.02 0.035
0 0.365625 0.43166666666666664 0.01625 0.03
0 0.388125 0.4375 0.01875 0.028333333333333332
0 0.654375 0.4091666666666667 0.02125 0.03166666666666667
0 0.661875 0.44666666666666666 0.02375 0.043333333333333335
0 0.64125 0.45166666666666666 0.0175 0.03333333333333333
0 0.734375 0.5891666666666666 0.05125 0.085
0 0.761875 0.5316666666666666 0.03375 0.04666666666666667
0 0.74 0.5241666666666667 0.0325 0.045
0 0.7475 0.5 0.035 0.04
0 0.938125 0.56 0.03375 0.06666666666666667
0 0.95375 0.5441666666666667 0.04 0.065
0 0.683125 0.5233333333333333 0.03125 0.04666666666666667
0 0.703125 0.5066666666666667 0.03125 0.04666666666666667
0 0.625 0.5108333333333334 0.03 0.045
0 0.629375 0.5475 0.04625 0.06833333333333333
0 0.595 0.595 0.04 0.06666666666666667
0 0.554375 0.5633333333333334 0.05875 0.08333333333333333
0 0.555 0.5208333333333334 0.04 0.04833333333333333
0 0.566875 0.4975 0.02375 0.041666666666666664
0 0.50625 0.5133333333333333 0.0375 0.056666666666666664
0 0.49375 0.49166666666666664 0.0225 0.03666666666666667
0 0.4825 0.4816666666666667 0.0225 0.03333333333333333
0 0.460625 0.52 0.03125 0.05
0 0.41375 0.6191666666666666 0.125 0.17166666666666666
0 0.42625 0.4891666666666667 0.03 0.051666666666666666
0 0.376875 0.475 0.02625 0.03666666666666667
0 0.30875 0.4925 0.0325 0.051666666666666666
0 0.318125 0.5416666666666666 0.04125 0.06333333333333334
0 0.275625 0.5275 0.04125 0.06833333333333333
0 0.25 0.49 0.0325 0.05
0 0.2425 0.465 0.0225 0.03666666666666667
0 0.211875 0.4683333333333333 0.02875 0.05
0 0.175 0.47 0.02 0.03666666666666667
0 0.321875 0.47583333333333333 0.02125 0.028333333333333332
