0 0.07894736842105263 0.44930875576036866 0.04093567251461988 0.06451612903225806
0 0.15497076023391812 0.4608294930875576 0.03508771929824561 0.06451612903225806
0 0.17178362573099415 0.4274193548387097 0.033625730994152045 0.0576036866359447
0 0.22076023391812866 0.4539170506912442 0.03508771929824561 0.07373271889400922
0 0.26169590643274854 0.6140552995391705 0.12280701754385964 0.20046082949308755
0 0.27046783625730997 0.4447004608294931 0.029239766081871343 0.04608294930875576
0 0.30701754385964913 0.4423963133640553 0.03508771929824561 0.059907834101382486
0 0.3362573099415205 0.4423963133640553 0.023391812865497075 0.055299539170506916
0 0.35599415204678364 0.43548387096774194 0.019005847953216373 0.041474654377880185
0 0.3845029239766082 0.4412442396313364 0.02631578947368421 0.04377880184331797
0 0.3618421052631579 0.5299539170506913 0.05701754385964912 0.10599078341013825
0 0.43640350877192985 0.45622119815668205 0.039473684210526314 0.059907834101382486
0 0.45394736842105265 0.4470046082949309 0.021929824561403508 0.041474654377880185
0 0.46710526315789475 0.42972350230414746 0.01608187134502924 0.03456221198156682
0 0.4817251461988304 0.46774193548387094 0.04239766081871345 0.06912442396313365
0 0.5116959064327485 0.43894009216589863 0.023391812865497075 0.03917050691244239
0 0.5051169590643275 0.41935483870967744 0.01608187134502924 0.027649769585253458
0 0.5365497076023392 0.41359447004608296 0.02046783625730994 0.03456221198156682
0 0.5497076023391813 0.43317972350230416 0.017543859649122806 0.027649769585253458
0 0.5328947368421053 0.47580645161290325 0.04239766081871345 0.06682027649769585
0 0.5994152046783626 0.4988479262672811 0.05263157894736842 0.0944700460829493
0 0.5745614035087719 0.42857142857142855 0.014619883040935672 0.027649769585253458
0 0.6016081871345029 0.42626728110599077 0.01608187134502924 0.027649769585253458
0 0.6279239766081871 0.4435483870967742 0.024853801169590642 0.06221198156682028
0 0.6549707602339181 0.4735023041474654 0.04093567251461988 0.08525345622119816
0 0.6717836257309941 0.4274193548387097 0.013157894736842105 0.03456221198156682
0 0.6564327485380117 0.43202764976958524 0.014619883040935672 0.029953917050691243
0 0.6915204678362573 0.45161290322580644 0.03216374269005848 0.055299539170506916
0 0.706140350877193 0.4470046082949309 0.023391812865497075 0.05069124423963134
0 0.7251461988304093 0.43894009216589863 0.02046783625730994 0.04377880184331797
0 0.7602339181286549 0.4228110599078341 0.02046783625730994 0.03917050691244239
0 0.7880116959064327 0.423963133640553 0.014619883040935672 0.027649769585253458
0 0.8238304093567251 0.434331797235023 0.019005847953216373 0.029953917050691243
0 0.8947368421052632 0.5184331797235023 0.06432748538011696 0.10599078341013825
0 0.8874269005847953 0.47465437788018433 0.04093567251461988 0.07373271889400922
0 0.9590643274853801 0.6682027649769585 0.07894736842105263 0.2672811059907834
