0 0.8441666666666666 0.3157894736842105 0.095 0.13032581453634084
0 0.6391666666666667 0.5375939849624061 0.03166666666666667 0.06766917293233082
0 0.5883333333333334 0.5275689223057645 0.03333333333333333 0.06265664160401002
0 0.5416666666666666 0.5375939849624061 0.02666666666666667 0.05764411027568922
0 0.5075 0.5350877192982456 0.041666666666666664 0.06766917293233082
0 0.5241666666666667 0.5100250626566416 0.025 0.05263157894736842
0 0.4791666666666667 0.5225563909774437 0.021666666666666667 0.042606516290726815
0 0.4483333333333333 0.5288220551378446 0.043333333333333335 0.06516290726817042
0 0.425 0.5075187969924813 0.023333333333333334 0.047619047619047616
0 0.4033333333333333 0.525062656641604 0.02666666666666667 0.047619047619047616
0 0.365 0.5338345864661654 0.04 0.06516290726817042
0 0.37416666666666665 0.5050125313283208 0.025 0.042606516290726815
0 0.32083333333333336 0.5401002506265664 0.035 0.05263157894736842
0 0.31916666666666665 0.5112781954887218 0.025 0.05012531328320802
0 0.2816666666666667 0.5476190476190477 0.04 0.06766917293233082
0 0.2816666666666667 0.5175438596491229 0.03333333333333333 0.05263157894736842
0 0.235 0.5150375939849624 0.02666666666666667 0.042606516290726815
0 0.19916666666666666 0.5300751879699248 0.035 0.047619047619047616
0 0.19583333333333333 0.5012531328320802 0.021666666666666667 0.03508771929824561
0 0.07916666666666666 0.5726817042606517 0.065 0.10776942355889724
0 0.08666666666666667 0.5213032581453634 0.03 0.05012531328320802
0 0.1225 0.5200501253132832 0.035 0.05764411027568922
0 0.14083333333333334 0.5125313283208021 0.028333333333333332 0.05263157894736842
0 0.075 0.5012531328320802 0.023333333333333334 0.040100250626566414
0 0.0475 0.5087719298245614 0.03166666666666667 0.05513784461152882
