0 0.3868464052287582 0.4775326797385621 0.03594771241830065 0.04411764705882353
0 0.9628267973856209 0.7928921568627451 0.07352941176470588 0.0988562091503268
0 0.9276960784313726 0.8700980392156863 0.11764705882352941 0.13316993464052287
0 0.4934640522875817 0.8637663398692811 0.10947712418300654 0.15236928104575165
0 0.6309232026143791 0.7675653594771242 0.1017156862745098 0.12336601307189543
0 0.7555147058823529 0.6552287581699346 0.04779411764705882 0.058823529411764705
0 0.7250816993464052 0.6076388888888888 0.04493464052287582 0.05106209150326797
0 0.6397058823529411 0.6329656862745098 0.049836601307189546 0.0559640522875817
0 0.6156045751633987 0.585171568627451 0.04493464052287582 0.051879084967320264
0 0.5018382352941176 0.6734068627450981 0.0690359477124183 0.08292483660130719
0 0.5177696078431373 0.6145833333333334 0.04861111111111111 0.05269607843137255
0 0.5388071895424836 0.5720996732026143 0.04493464052287582 0.04370915032679738
0 0.3602941176470588 0.5976307189542484 0.04656862745098039 0.05065359477124183
0 0.3741830065359477 0.6474673202614379 0.058823529411764705 0.058823529411764705
0 0.29411764705882354 0.7077205882352942 0.08006535947712418 0.08537581699346405
0 0.1482843137254902 0.6544117647058824 0.07679738562091504 0.08088235294117647
0 0.04309640522875817 0.7798202614379085 0.08374183006535947 0.15849673202614378
0 0.2512254901960784 0.5970179738562091 0.05800653594771242 0.06576797385620915
0 0.2602124183006536 0.559640522875817 0.0457516339869281 0.04084967320261438
0 0.10580065359477124 0.553921568627451 0.04411764705882353 0.04493464052287582
0 0.03758169934640523 0.5416666666666666 0.035130718954248366 0.04084967320261438
0 0.10232843137254902 0.5308415032679739 0.03880718954248366 0.03880718954248366
0 0.1576797385620915 0.5259395424836601 0.03594771241830065 0.0428921568627451
