0 0.015833333333333335 0.6040100250626567 0.018333333333333333 0.03007518796992481
0 0.04583333333333333 0.6015037593984962 0.018333333333333333 0.02506265664160401
0 0.11583333333333333 0.606516290726817 0.015 0.02506265664160401
0 0.08916666666666667 0.6115288220551378 0.011666666666666667 0.020050125313283207
0 0.10083333333333333 0.6077694235588973 0.011666666666666667 0.022556390977443608
0 0.15416666666666667 0.5977443609022557 0.011666666666666667 0.017543859649122806
0 0.17166666666666666 0.6040100250626567 0.013333333333333334 0.020050125313283207
0 0.18583333333333332 0.6027568922305765 0.015 0.022556390977443608
0 0.18583333333333332 0.5538847117794486 0.011666666666666667 0.015037593984962405
0 0.20416666666666666 0.5939849624060151 0.011666666666666667 0.020050125313283207
0 0.22166666666666668 0.5914786967418546 0.013333333333333334 0.02506265664160401
0 0.23666666666666666 0.5889724310776943 0.013333333333333334 0.020050125313283207
0 0.25666666666666665 0.5977443609022557 0.013333333333333334 0.022556390977443608
0 0.2675 0.5964912280701754 0.011666666666666667 0.020050125313283207
0 0.29083333333333333 0.5939849624060151 0.011666666666666667 0.02506265664160401
0 0.0325 0.8270676691729323 0.018333333333333333 0.03508771929824561
0 0.04666666666666667 0.8358395989974937 0.02 0.02756892230576441
0 0.1175 0.8521303258145363 0.025 0.03508771929824561
0 0.16583333333333333 0.8283208020050126 0.025 0.042606516290726815
0 0.15666666666666668 0.7982456140350878 0.023333333333333334 0.042606516290726815
0 0.12916666666666668 0.8120300751879699 0.028333333333333332 0.03508771929824561
0 0.19833333333333333 0.8358395989974937 0.03333333333333333 0.042606516290726815
0 0.21666666666666667 0.8082706766917294 0.02 0.03759398496240601
0 0.3641666666666667 0.768170426065163 0.021666666666666667 0.03258145363408521
0 0.405 0.7706766917293233 0.016666666666666666 0.03258145363408521
0 0.4008333333333333 0.8245614035087719 0.025 0.03508771929824561
0 0.37 0.8483709273182958 0.023333333333333334 0.03759398496240601
0 0.30416666666666664 0.8358395989974937 0.021666666666666667 0.03759398496240601
0 0.3383333333333333 0.8471177944862155 0.03 0.045112781954887216
0 0.2633333333333333 0.8308270676691729 0.03 0.042606516290726815
0 0.455 0.8446115288220551 0.03333333333333333 0.05012531328320802
0 0.4533333333333333 0.7769423558897243 0.02 0.040100250626566414
0 0.49583333333333335 0.7907268170426065 0.018333333333333333 0.03258145363408521
0 0.52 0.843358395989975 0.03333333333333333 0.047619047619047616
0 0.5558333333333333 0.7706766917293233 0.021666666666666667 0.042606516290726815
0 0.5841666666666666 0.8446115288220551 0.028333333333333332 0.03508771929824561
0 0.5991666666666666 0.8358395989974937 0.018333333333333333 0.02756892230576441
0 0.63 0.8446115288220551 0.02666666666666667 0.040100250626566414
0 0.6558333333333334 0.8320802005012531 0.018333333333333333 0.03508771929824561
0 0.6825 0.8508771929824561 0.025 0.02756892230576441
0 0.6875 0.8258145363408521 0.018333333333333333 0.02756892230576441
0 0.7108333333333333 0.8258145363408521 0.018333333333333333 0.03258145363408521
0 0.7466666666666667 0.8471177944862155 0.023333333333333334 0.03508771929824561
0 0.7658333333333334 0.8220551378446115 0.021666666666666667 0.02506265664160401
0 0.7858333333333334 0.7393483709273183 0.018333333333333333 0.03508771929824561
0 0.8258333333333333 0.8408521303258145 0.018333333333333333 0.02756892230576441
0 0.8608333333333333 0.8333333333333334 0.015 0.03258145363408521
0 0.8258333333333333 0.8208020050125313 0.018333333333333333 0.022556390977443608
0 0.9325 0.849624060150376 0.028333333333333332 0.040100250626566414
0 0.88 0.8483709273182958 0.03 0.03759398496240601
0 0.9308333333333333 0.6228070175438597 0.015 0.02756892230576441
0 0.9108333333333334 0.62531328320802 0.015 0.02756892230576441
0 0.8925 0.6240601503759399 0.015 0.02506265664160401
0 0.8858333333333334 0.6190476190476191 0.015 0.02506265664160401
0 0.8666666666666667 0.6240601503759399 0.016666666666666666 0.02506265664160401
0 0.8533333333333334 0.6190476190476191 0.013333333333333334 0.02506265664160401
0 0.82 0.606516290726817 0.013333333333333334 0.02506265664160401
0 0.8316666666666667 0.6077694235588973 0.013333333333333334 0.022556390977443608
0 0.805 0.606516290726817 0.013333333333333334 0.020050125313283207
0 0.7775 0.6052631578947368 0.011666666666666667 0.022556390977443608
0 0.7691666666666667 0.6027568922305765 0.008333333333333333 0.022556390977443608
0 0.7616666666666667 0.6040100250626567 0.01 0.020050125313283207
