0 0.206875 0.3120567375886525 0.02625 0.05200945626477541
0 0.038125 0.6985815602836879 0.05125 0.09219858156028368
0 0.096875 0.6548463356973995 0.03875 0.09929078014184398
0 0.14375 0.8557919621749409 0.0975 0.1938534278959811
0 0.253125 0.8463356973995272 0.10125 0.20803782505910165
0 0.31 0.806146572104019 0.0625 0.13711583924349882
0 0.22 0.6513002364066194 0.055 0.10638297872340426
0 0.216875 0.58274231678487 0.04625 0.07801418439716312
0 0.365 0.6182033096926713 0.0525 0.1111111111111111
0 0.37 0.5401891252955082 0.0425 0.08274231678486997
0 0.476875 0.5472813238770685 0.04125 0.07801418439716312
0 0.454375 0.541371158392435 0.02625 0.07092198581560284
0 0.573125 0.5236406619385343 0.03625 0.08274231678486997
0 0.761875 0.599290780141844 0.07125 0.13947990543735225
0 0.85125 0.44799054373522457 0.03 0.0591016548463357
0 0.971875 0.4988179669030733 0.04875 0.1182033096926714
0 0.93125 0.48699763593380613 0.0425 0.06619385342789598
0 0.928125 0.43617021276595747 0.03625 0.06382978723404255
