0 0.225 0.6766666666666666 0.035 0.06
0 0.13375 0.615 0.0275 0.043333333333333335
0 0.25875 0.6466666666666666 0.0525 0.06666666666666667
0 0.33375 0.6883333333333334 0.0225 0.03666666666666667
0 0.35 0.7016666666666667 0.025 0.03666666666666667
0 0.38375 0.6916666666666667 0.0225 0.043333333333333335
0 0.40875 0.675 0.0325 0.05
0 0.46 0.6533333333333333 0.04 0.05333333333333334
0 0.4375 0.675 0.03 0.05
0 0.5075 0.685 0.025 0.03666666666666667
0 0.53625 0.6833333333333333 0.0275 0.05333333333333334
0 0.59125 0.6783333333333333 0.0325 0.05
0 0.64875 0.6566666666666666 0.0425 0.06
0 0.705 0.6866666666666666 0.04 0.06
0 0.77375 0.6783333333333333 0.0375 0.056666666666666664
0 0.83875 0.6916666666666667 0.0325 0.056666666666666664
0 0.9075 0.6883333333333334 0.04 0.06333333333333334
0 0.45875 0.9066666666666666 0.1225 0.11333333333333333
0 0.8375 0.9183333333333333 0.095 0.12333333333333334
