0 0.06219512195121951 0.326171875 0.05121951219512195 0.08984375
0 0.14390243902439023 0.306640625 0.04878048780487805 0.09765625
0 0.16707317073170733 0.455078125 0.05121951219512195 0.10546875
0 0.24634146341463414 0.3125 0.05365853658536585 0.09375
0 0.27926829268292686 0.447265625 0.05609756097560976 0.10546875
0 0.35 0.31640625 0.05121951219512195 0.09375
0 0.37926829268292683 0.447265625 0.05609756097560976 0.11328125
0 0.4451219512195122 0.296875 0.046341463414634146 0.09375
0 0.49634146341463414 0.4609375 0.046341463414634146 0.09375
0 0.5304878048780488 0.28125 0.046341463414634146 0.1015625
0 0.6219512195121951 0.283203125 0.04390243902439024 0.08203125
0 0.5939024390243902 0.462890625 0.05121951219512195 0.08984375
0 0.7012195121951219 0.33203125 0.046341463414634146 0.0859375
0 0.7024390243902439 0.451171875 0.05365853658536585 0.09765625
0 0.7548780487804878 0.298828125 0.046341463414634146 0.08984375
0 0.7926829268292683 0.455078125 0.05365853658536585 0.09765625
0 0.8463414634146341 0.353515625 0.04390243902439024 0.08984375
0 0.9048780487804878 0.4453125 0.04878048780487805 0.1015625
0 0.9158536585365854 0.337890625 0.046341463414634146 0.09765625
