0 0.122 0.33532934131736525 0.056 0.09580838323353294
0 0.213 0.38622754491017963 0.046 0.07784431137724551
0 0.234 0.3532934131736527 0.044 0.0658682634730539
0 0.277 0.3907185628742515 0.046 0.0748502994011976
0 0.326 0.39520958083832336 0.04 0.07784431137724551
0 0.312 0.3413173652694611 0.028 0.0658682634730539
0 0.336 0.36976047904191617 0.036 0.06287425149700598
0 0.37 0.3847305389221557 0.044 0.09281437125748503
0 0.425 0.3562874251497006 0.042 0.07784431137724551
0 0.453 0.3502994011976048 0.034 0.0658682634730539
0 0.469 0.39820359281437123 0.042 0.07784431137724551
0 0.491 0.3727544910179641 0.03 0.06287425149700598
0 0.518 0.3727544910179641 0.028 0.06287425149700598
0 0.541 0.39520958083832336 0.034 0.07784431137724551
0 0.545 0.3532934131736527 0.038 0.059880239520958084
0 0.569 0.39820359281437123 0.038 0.07784431137724551
0 0.587 0.3502994011976048 0.038 0.0718562874251497
0 0.615 0.3652694610778443 0.034 0.0658682634730539
0 0.637 0.405688622754491 0.034 0.06287425149700598
0 0.611 0.44011976047904194 0.042 0.0658682634730539
0 0.673 0.42664670658682635 0.038 0.0688622754491018
0 0.658 0.36077844311377244 0.032 0.06287425149700598
0 0.691 0.3787425149700599 0.034 0.0688622754491018
0 0.726 0.40718562874251496 0.032 0.0658682634730539
0 0.757 0.405688622754491 0.038 0.0688622754491018
0 0.811 0.36976047904191617 0.038 0.0688622754491018
0 0.823 0.4311377245508982 0.046 0.07784431137724551
0 0.871 0.4116766467065868 0.046 0.08083832335329341
0 0.911 0.3997005988023952 0.042 0.08083832335329341
0 0.951 0.3937125748502994 0.058 0.09880239520958084
