0 0.07017543859649122 0.6455696202531646 0.12280701754385964 0.2088607594936709
0 0.16140350877192983 0.8212025316455697 0.14035087719298245 0.2626582278481013
0 0.04736842105263158 0.509493670886076 0.07368421052631578 0.13291139240506328
0 0.21052631578947367 0.435126582278481 0.0456140350877193 0.07911392405063292
0 0.256140350877193 0.42563291139240506 0.04912280701754386 0.10443037974683544
0 0.2885964912280702 0.47310126582278483 0.043859649122807015 0.09177215189873418
0 0.3482456140350877 0.4889240506329114 0.06140350877192982 0.11075949367088607
0 0.4324561403508772 0.4129746835443038 0.04736842105263158 0.0981012658227848
0 0.5736842105263158 0.3275316455696203 0.06666666666666667 0.16772151898734178
0 0.606140350877193 0.6028481012658228 0.07192982456140351 0.12974683544303797
0 0.7394736842105263 0.6677215189873418 0.0824561403508772 0.18354430379746836
0 0.7894736842105263 0.509493670886076 0.07017543859649122 0.1518987341772152
0 0.8921052631578947 0.5933544303797469 0.0824561403508772 0.14240506329113925
0 0.8964912280701754 0.759493670886076 0.11578947368421053 0.24050632911392406
