0 0.050833333333333335 0.515 0.08166666666666667 0.135
0 0.060833333333333336 0.425 0.041666666666666664 0.07
0 0.16916666666666666 0.40875 0.045 0.0675
0 0.17083333333333334 0.5025 0.051666666666666666 0.07
0 0.2633333333333333 0.515 0.056666666666666664 0.095
0 0.2625 0.425 0.035 0.05
0 0.2841666666666667 0.435 0.035 0.055
0 0.31833333333333336 0.4825 0.03333333333333333 0.055
0 0.35 0.475 0.04666666666666667 0.08
0 0.37333333333333335 0.44375 0.03 0.0475
0 0.4575 0.425 0.03833333333333333 0.055
0 0.4633333333333333 0.28625 0.023333333333333334 0.0375
0 0.4 0.805 0.14666666666666667 0.23
0 0.58 0.6275 0.11333333333333333 0.165
0 0.725 0.575 0.07666666666666666 0.11
0 0.8016666666666666 0.455 0.05 0.08
0 0.8841666666666667 0.48125 0.041666666666666664 0.0725
0 0.8658333333333333 0.55625 0.06166666666666667 0.0925
0 0.9 0.6275 0.09333333333333334 0.135
0 0.7866666666666666 0.7625 0.11 0.155
