0 0.19591836734693877 0.3343558282208589 0.02857142857142857 0.05521472392638037
0 0.10306122448979592 0.8021472392638037 0.09591836734693877 0.13803680981595093
0 0.1683673469387755 0.6380368098159509 0.05918367346938776 0.07975460122699386
0 0.2153061224489796 0.6288343558282209 0.05510204081632653 0.09815950920245399
0 0.16938775510204082 0.5812883435582822 0.02857142857142857 0.046012269938650305
0 0.2030612244897959 0.5628834355828221 0.03877551020408163 0.05214723926380368
0 0.21836734693877552 0.8558282208588958 0.11020408163265306 0.1656441717791411
0 0.3224489795918367 0.6748466257668712 0.06938775510204082 0.11042944785276074
0 0.35816326530612247 0.6411042944785276 0.05510204081632653 0.09815950920245399
0 0.3112244897959184 0.6119631901840491 0.04285714285714286 0.05828220858895705
0 0.3081632653061224 0.5874233128834356 0.036734693877551024 0.0705521472392638
0 0.42142857142857143 0.5797546012269938 0.04285714285714286 0.0736196319018405
0 0.46938775510204084 0.6273006134969326 0.04897959183673469 0.08895705521472393
0 0.4785714285714286 0.6763803680981595 0.05102040816326531 0.08895705521472393
0 0.5306122448979592 0.7944785276073619 0.11020408163265306 0.1901840490797546
0 0.5663265306122449 0.6073619631901841 0.04693877551020408 0.06134969325153374
0 0.5428571428571428 0.5705521472392638 0.04081632653061224 0.06134969325153374
0 0.6479591836734694 0.6196319018404908 0.05510204081632653 0.09815950920245399
0 0.7 0.6119631901840491 0.04081632653061224 0.06441717791411043
0 0.7479591836734694 0.5966257668711656 0.04693877551020408 0.0705521472392638
0 0.7693877551020408 0.5720858895705522 0.0326530612244898 0.05828220858895705
0 0.7836734693877551 0.6104294478527608 0.036734693877551024 0.0736196319018405
0 0.7316326530612245 0.7331288343558282 0.06326530612244897 0.1165644171779141
0 0.8224489795918367 0.8496932515337423 0.1346938775510204 0.2147239263803681
0 0.8255102040816327 0.6671779141104295 0.05510204081632653 0.0950920245398773
0 0.8704081632653061 0.5766871165644172 0.04693877551020408 0.06134969325153374
0 0.9581632653061225 0.7239263803680982 0.0673469387755102 0.09815950920245399
0 0.963265306122449 0.6042944785276073 0.04081632653061224 0.06748466257668712
