0 0.06708176691729323 0.5939265536723164 0.046287593984962405 0.0748587570621469
0 0.11195958646616541 0.5596751412429378 0.03641917293233083 0.05790960451977401
0 0.13827537593984962 0.5566737288135594 0.029840225563909775 0.05190677966101695
0 0.19830827067669174 0.5466101694915254 0.03101503759398496 0.046610169491525424
0 0.23155545112781956 0.5399011299435028 0.027020676691729324 0.041666666666666664
0 0.26879699248120303 0.535840395480226 0.029605263157894735 0.045550847457627115
0 0.29100093984962405 0.5227754237288136 0.022791353383458647 0.03637005649717514
0 0.3527960526315789 0.517478813559322 0.015272556390977443 0.03213276836158192
0 0.40707236842105265 0.5222457627118644 0.017152255639097745 0.03742937853107345
0 0.46651785714285715 0.5211864406779662 0.024201127819548873 0.03954802259887006
0 0.5183270676691729 0.5238347457627118 0.020206766917293232 0.03213276836158192
0 0.5726033834586466 0.516066384180791 0.01926691729323308 0.03919491525423729
0 0.634046052631579 0.5185381355932204 0.01668233082706767 0.03848870056497175
0 0.6907894736842105 0.5217161016949152 0.01926691729323308 0.042725988700564974
0 0.7228618421052632 0.5460805084745762 0.029840225563909775 0.05402542372881356
0 0.746358082706767 0.5347810734463276 0.024201127819548873 0.05614406779661017
0 0.7933505639097744 0.5492584745762712 0.03406954887218045 0.0646186440677966
0 0.8524436090225563 0.5543785310734464 0.03853383458646616 0.06850282485875706
0 0.8990836466165414 0.5773305084745762 0.049107142857142856 0.07062146892655367
