0 0.0978689818468824 0.4131578947368421 0.042620363062352014 0.07052631578947369
0 0.015390686661404893 0.4394736842105263 0.02920284135753749 0.05789473684210526
0 0.19731649565903708 0.42473684210526313 0.037884767166535126 0.05789473684210526
0 0.2494080505130229 0.45631578947368423 0.055248618784530384 0.07894736842105263
0 0.3283346487766377 0.4263157894736842 0.042620363062352014 0.061052631578947365
0 0.345698500394633 0.47842105263157897 0.05367008681925809 0.06842105263157895
0 0.35911602209944754 0.3215789473684211 0.02999210734017364 0.04105263157894737
0 0.47316495659037094 0.32210526315789473 0.02920284135753749 0.04421052631578947
0 0.574191002367798 0.4131578947368421 0.027624309392265192 0.0431578947368421
0 0.6610102604577742 0.42894736842105263 0.035516969218626675 0.06210526315789474
0 0.6724546172059984 0.4026315789473684 0.03314917127071823 0.04105263157894737
0 0.7588792423046566 0.4689473684210526 0.041831097079715863 0.06421052631578947
0 0.8279400157853196 0.42947368421052634 0.04104183109707971 0.061052631578947365
0 0.8622730860299921 0.4421052631578947 0.04814522494080505 0.06947368421052631
