0 0.10112359550561797 0.24666666666666667 0.0853932584269663 0.14
0 0.1898876404494382 0.39166666666666666 0.0651685393258427 0.10333333333333333
0 0.20112359550561798 0.35333333333333333 0.051685393258426963 0.07333333333333333
0 0.3561797752808989 0.335 0.038202247191011236 0.07
0 0.4044943820224719 0.34833333333333333 0.05393258426966292 0.09
0 0.46179775280898877 0.36 0.051685393258426963 0.10666666666666667
0 0.6247191011235955 0.3466666666666667 0.0449438202247191 0.09333333333333334
0 0.6898876404494382 0.3466666666666667 0.05393258426966292 0.09333333333333334
0 0.7842696629213484 0.42833333333333334 0.12134831460674157 0.17666666666666667
0 0.8280898876404494 0.325 0.04719101123595506 0.08333333333333333
0 0.9292134831460674 0.33 0.056179775280898875 0.1
