0 0.21916666666666668 0.42375 0.12166666666666667 0.175
0 0.2525 0.308125 0.07 0.10875
0 0.31125 0.3625 0.09583333333333334 0.145
0 0.395 0.3275 0.065 0.125
0 0.45875 0.36625 0.06916666666666667 0.115
0 0.505 0.395625 0.12333333333333334 0.19625
0 0.5441666666666667 0.438125 0.15666666666666668 0.22625
0 0.6095833333333334 0.356875 0.0925 0.14375
0 0.6795833333333333 0.33375 0.07583333333333334 0.15
0 0.8025 0.34375 0.12833333333333333 0.19
0 0.8816666666666667 0.43375 0.145 0.2125
0 0.9708333333333333 0.126875 0.045 0.09125
0 0.9454166666666667 0.1525 0.04083333333333333 0.0875
0 0.9 0.119375 0.055 0.09625
0 0.75625 0.141875 0.059166666666666666 0.08875
0 0.6695833333333333 0.07875 0.08083333333333333 0.11
0 0.4266666666666667 0.064375 0.05333333333333334 0.09625
0 0.59625 0.16625 0.03916666666666667 0.06
0 0.3433333333333333 0.143125 0.025 0.04375
0 0.21791666666666668 0.130625 0.0275 0.04375
0 0.10708333333333334 0.084375 0.0375 0.05625
0 0.05583333333333333 0.07875 0.035 0.045
0 0.09791666666666667 0.349375 0.06916666666666667 0.10875
0 0.11125 0.288125 0.0675 0.09125
0 0.04583333333333333 0.323125 0.051666666666666666 0.09625
0 0.017083333333333332 0.30625 0.0325 0.1
