0 0.12407407407407407 0.8802469135802469 0.13703703703703704 0.20493827160493827
0 0.1537037037037037 0.6839506172839506 0.0962962962962963 0.12345679012345678
0 0.31203703703703706 0.745679012345679 0.09444444444444444 0.16790123456790124
0 0.4185185185185185 0.745679012345679 0.1 0.15308641975308643
0 0.5111111111111111 0.8 0.10740740740740741 0.14814814814814814
0 0.5361111111111111 0.4740740740740741 0.07962962962962963 0.1037037037037037
0 0.6898148148148148 0.7283950617283951 0.08703703703703704 0.11851851851851852
0 0.7935185185185185 0.8037037037037037 0.10185185185185185 0.14074074074074075
0 0.7555555555555555 0.9061728395061729 0.2037037037037037 0.18271604938271604
0 0.8203703703703704 0.7037037037037037 0.10740740740740741 0.1382716049382716
