0 0.11475409836065574 0.6845730027548209 0.11657559198542805 0.15702479338842976
0 0.122040072859745 0.8801652892561983 0.14571948998178508 0.2066115702479339
0 0.0482695810564663 0.6033057851239669 0.08561020036429873 0.14325068870523416
0 0.052823315118397086 0.4641873278236915 0.07285974499089254 0.14049586776859505
0 0.0692167577413479 0.31267217630853994 0.0546448087431694 0.08539944903581267
0 0.08105646630236794 0.2727272727272727 0.04553734061930783 0.06611570247933884
0 0.23679417122040072 0.3044077134986226 0.051001821493624776 0.08539944903581267
0 0.33060109289617484 0.5853994490358126 0.07832422586520947 0.17355371900826447
0 0.4016393442622951 0.39669421487603307 0.060109289617486336 0.12672176308539945
0 0.3843351548269581 0.2975206611570248 0.051001821493624776 0.08264462809917356
0 0.51183970856102 0.465564738292011 0.0546448087431694 0.11570247933884298
0 0.48816029143898 0.6570247933884298 0.10200364298724955 0.18457300275482094
0 0.5537340619307832 0.8223140495867769 0.1384335154826958 0.2892561983471074
0 0.6612021857923497 0.5674931129476584 0.08014571948998178 0.14325068870523416
0 0.7486338797814208 0.699724517906336 0.0947176684881603 0.1763085399449036
0 0.7258652094717668 0.4366391184573003 0.07468123861566485 0.15151515151515152
0 0.5774134790528234 0.3154269972451791 0.058287795992714025 0.10743801652892562
0 0.6156648451730419 0.24793388429752067 0.051001821493624776 0.08264462809917356
0 0.680327868852459 0.2603305785123967 0.04553734061930783 0.09641873278236915
0 0.7058287795992714 0.23553719008264462 0.04189435336976321 0.08539944903581267
0 0.7577413479052824 0.2603305785123967 0.04371584699453552 0.09090909090909091
0 0.8051001821493625 0.3305785123966942 0.051001821493624776 0.12121212121212122
0 0.7914389799635702 0.19559228650137742 0.04189435336976321 0.07713498622589532
0 0.8333333333333334 0.16804407713498623 0.03825136612021858 0.06611570247933884
0 0.8806921675774135 0.5661157024793388 0.08196721311475409 0.1790633608815427
0 0.9253187613843351 0.46831955922865015 0.07285974499089254 0.14325068870523416
0 0.8706739526411658 0.3622589531680441 0.07285974499089254 0.12396694214876033
0 0.9635701275045537 0.3333333333333333 0.058287795992714025 0.09917355371900827
0 0.9790528233151184 0.1887052341597796 0.03825136612021858 0.0743801652892562
