0 0.2975 0.18421052631578946 0.15 0.3157894736842105
0 0.415 0.13533834586466165 0.065 0.11278195488721804
0 0.57125 0.2744360902255639 0.1825 0.3082706766917293
0 0.10875 0.20112781954887218 0.0475 0.07894736842105263
0 0.19125 0.17105263157894737 0.0575 0.10150375939849623
0 0.60125 0.09210526315789473 0.0575 0.09398496240601503
0 0.6775 0.24812030075187969 0.05 0.10526315789473684
0 0.7425 0.2706766917293233 0.06 0.09774436090225563
0 0.8575 0.05075187969924812 0.06 0.09398496240601503
0 0.95 0.15977443609022557 0.085 0.16165413533834586
