0 0.1 0.40166666666666667 0.05 0.07666666666666666
0 0.26625 0.5366666666666666 0.1075 0.16
0 0.3325 0.4166666666666667 0.06 0.08666666666666667
0 0.275 0.3466666666666667 0.05 0.08
0 0.41 0.33 0.04 0.06666666666666667
0 0.44875 0.3616666666666667 0.0475 0.07
0 0.5175 0.4216666666666667 0.075 0.09666666666666666
0 0.50375 0.3016666666666667 0.0275 0.056666666666666664
0 0.63875 0.31333333333333335 0.0375 0.06
0 0.66875 0.37333333333333335 0.0425 0.07333333333333333
0 0.74125 0.33666666666666667 0.0425 0.06666666666666667
0 0.775 0.31333333333333335 0.03 0.04
0 0.715 0.605 0.135 0.18333333333333332
0 0.875 0.44333333333333336 0.075 0.12666666666666668
0 0.89125 0.39166666666666666 0.0575 0.08333333333333333
