0 0.3063157894736842 0.5373831775700935 0.09473684210526316 0.17133956386292834
0 0.22842105263157894 0.4127725856697819 0.07368421052631578 0.10903426791277258
0 0.13263157894736843 0.35669781931464173 0.06315789473684211 0.09657320872274143
0 0.08842105263157894 0.29750778816199375 0.05473684210526316 0.09034267912772585
0 0.05157894736842105 0.2398753894080997 0.04 0.056074766355140186
0 0.13894736842105262 0.2585669781931464 0.037894736842105266 0.056074766355140186
0 0.1568421052631579 0.27258566978193144 0.035789473684210524 0.059190031152647975
0 0.25684210526315787 0.2819314641744548 0.04631578947368421 0.07165109034267912
0 0.4073684210526316 0.3925233644859813 0.056842105263157895 0.09345794392523364
0 0.5642105263157895 0.4454828660436137 0.07578947368421053 0.12461059190031153
0 0.4536842105263158 0.2554517133956386 0.035789473684210524 0.06230529595015576
0 0.43894736842105264 0.21962616822429906 0.031578947368421054 0.04672897196261682
0 0.3873684210526316 0.24454828660436137 0.029473684210526315 0.0529595015576324
0 0.33263157894736844 0.2118380062305296 0.02526315789473684 0.04361370716510903
0 0.62 0.19470404984423675 0.023157894736842106 0.04672897196261682
0 0.7073684210526315 0.2071651090342679 0.02526315789473684 0.04672897196261682
0 0.6852631578947368 0.29595015576323985 0.04 0.07476635514018691
0 0.8252631578947368 0.3613707165109034 0.042105263157894736 0.09345794392523364
0 0.9326315789473684 0.32087227414330216 0.05052631578947368 0.09345794392523364
0 0.7957894736842105 0.24610591900311526 0.02526315789473684 0.056074766355140186
0 0.9642105263157895 0.2336448598130841 0.037894736842105266 0.06230529595015576
