0 0.035 0.6334586466165414 0.06 0.10150375939849623
0 0.0325 0.5657894736842105 0.04 0.05639097744360902
0 0.025 0.518796992481203 0.035 0.05263157894736842
0 0.0475 0.5206766917293233 0.025 0.04887218045112782
0 0.12125 0.7274436090225563 0.0775 0.14661654135338345
0 0.10875 0.5507518796992481 0.0325 0.05639097744360902
0 0.09625 0.5150375939849624 0.0225 0.03759398496240601
0 0.11625 0.5112781954887218 0.0275 0.045112781954887216
0 0.14875 0.543233082706767 0.0375 0.06390977443609022
0 0.17125 0.5018796992481203 0.0275 0.04887218045112782
0 0.20125 0.4868421052631579 0.0225 0.03383458646616541
0 0.22875 0.5225563909774437 0.0325 0.045112781954887216
0 0.27875 0.6541353383458647 0.0725 0.12030075187969924
0 0.2575 0.5770676691729323 0.04 0.04887218045112782
0 0.26875 0.5281954887218046 0.0275 0.041353383458646614
0 0.24 0.48120300751879697 0.015 0.03007518796992481
0 0.26625 0.48872180451127817 0.0225 0.03759398496240601
0 0.27875 0.46616541353383456 0.0225 0.03007518796992481
0 0.29125 0.4793233082706767 0.0225 0.03383458646616541
0 0.3175 0.5319548872180451 0.04 0.05639097744360902
0 0.32375 0.4868421052631579 0.0275 0.041353383458646614
0 0.34625 0.5075187969924813 0.0275 0.045112781954887216
0 0.3725 0.5169172932330827 0.025 0.041353383458646614
0 0.35625 0.48120300751879697 0.0225 0.03007518796992481
0 0.38625 0.5620300751879699 0.0525 0.06390977443609022
0 0.42625 0.5093984962406015 0.0275 0.041353383458646614
0 0.415 0.4868421052631579 0.025 0.03383458646616541
0 0.385 0.4755639097744361 0.025 0.041353383458646614
0 0.445 0.4793233082706767 0.02 0.03383458646616541
0 0.4675 0.4755639097744361 0.02 0.03383458646616541
0 0.4925 0.4849624060150376 0.02 0.03759398496240601
0 0.47125 0.5413533834586466 0.0325 0.06766917293233082
0 0.505 0.5300751879699248 0.035 0.045112781954887216
0 0.525 0.4849624060150376 0.02 0.03759398496240601
0 0.55125 0.4943609022556391 0.0275 0.04887218045112782
0 0.61 0.48872180451127817 0.025 0.045112781954887216
0 0.63375 0.4680451127819549 0.0275 0.041353383458646614
0 0.855 0.31390977443609025 0.065 0.09398496240601503
