0 0.029166666666666667 0.34417344173441733 0.045 0.08130081300813008
0 0.12083333333333333 0.47289972899729 0.10833333333333334 0.17073170731707318
0 0.1425 0.3346883468834688 0.03833333333333333 0.06775067750677506
0 0.1925 0.34146341463414637 0.03833333333333333 0.08130081300813008
0 0.21666666666666667 0.3224932249322493 0.02666666666666667 0.05962059620596206
0 0.25833333333333336 0.31842818428184283 0.043333333333333335 0.07859078590785908
0 0.2875 0.3319783197831978 0.025 0.06233062330623306
0 0.23 0.4186991869918699 0.056666666666666664 0.12195121951219512
0 0.35 0.47831978319783197 0.12666666666666668 0.25745257452574527
0 0.35083333333333333 0.32113821138211385 0.028333333333333332 0.051490514905149054
0 0.39416666666666667 0.33875338753387535 0.03833333333333333 0.07588075880758807
0 0.43416666666666665 0.31029810298102983 0.028333333333333332 0.056910569105691054
0 0.615 0.2181571815718157 0.02666666666666667 0.056910569105691054
0 0.6625 0.3265582655826558 0.051666666666666666 0.08401084010840108
0 0.9308333333333333 0.505420054200542 0.095 0.19241192411924118
0 0.9558333333333333 0.3983739837398374 0.07833333333333334 0.14092140921409213
0 0.9191666666666667 0.31842818428184283 0.03833333333333333 0.07317073170731707
0 0.9058333333333334 0.37398373983739835 0.041666666666666664 0.0921409214092141
