0 0.08524590163934426 0.3128415300546448 0.04590163934426229 0.09562841530054644
0 0.12540983606557377 0.3743169398907104 0.054098360655737705 0.08743169398907104
0 0.24098360655737705 0.35792349726775957 0.05901639344262295 0.10382513661202186
0 0.3418032786885246 0.36065573770491804 0.047540983606557376 0.08743169398907104
0 0.44426229508196724 0.37841530054644806 0.04590163934426229 0.07923497267759563
0 0.5401639344262295 0.36885245901639346 0.04426229508196721 0.08196721311475409
0 0.5737704918032787 0.3756830601092896 0.03278688524590164 0.06830601092896176
0 0.6614754098360656 0.3948087431693989 0.040983606557377046 0.06284153005464481
0 0.7344262295081967 0.39207650273224043 0.03934426229508197 0.06830601092896176
0 0.7704918032786885 0.3948087431693989 0.022950819672131147 0.04644808743169399
0 0.7918032786885246 0.3866120218579235 0.03934426229508197 0.08469945355191257
0 0.8639344262295082 0.3702185792349727 0.029508196721311476 0.06830601092896176
0 0.8975409836065574 0.36885245901639346 0.04426229508196721 0.09289617486338798
0 0.9245901639344263 0.3770491803278688 0.04262295081967213 0.08196721311475409
