0 0.111 0.82 0.218 0.344
0 0.368 0.4573333333333333 0.104 0.15733333333333333
0 0.674 0.5306666666666666 0.108 0.16
0 0.749 0.4093333333333333 0.082 0.11466666666666667
0 0.602 0.36533333333333334 0.072 0.10133333333333333
0 0.467 0.3 0.058 0.088
0 0.229 0.29333333333333333 0.062 0.096
0 0.046 0.288 0.076 0.10666666666666667
0 0.09 0.4706666666666667 0.172 0.21066666666666667
0 0.764 0.12266666666666666 0.04 0.07466666666666667
0 0.877 0.14 0.034 0.04533333333333334
0 0.983 0.2733333333333333 0.03 0.08266666666666667
0 0.929 0.31066666666666665 0.054 0.072
