0 0.098125 0.8058333333333333 0.14875 0.20166666666666666
0 0.058125 0.6041666666666666 0.06125 0.09833333333333333
0 0.09 0.5716666666666667 0.045 0.07333333333333333
0 0.133125 0.5783333333333334 0.05625 0.07666666666666666
0 0.039375 0.5266666666666666 0.03875 0.05
0 0.149375 0.6508333333333334 0.06625 0.09166666666666666
0 0.186875 0.6041666666666666 0.04625 0.06833333333333333
0 0.216875 0.5666666666666667 0.03625 0.05333333333333334
0 0.1925 0.5358333333333334 0.0375 0.051666666666666666
0 0.229375 0.5266666666666666 0.02625 0.05
0 0.24125 0.5566666666666666 0.03 0.05333333333333334
0 0.28125 0.5441666666666667 0.0375 0.058333333333333334
0 0.2675 0.6058333333333333 0.0425 0.065
0 0.23 0.6975 0.085 0.145
0 0.34 0.7083333333333334 0.06 0.07333333333333333
0 0.330625 0.6033333333333334 0.05875 0.08666666666666667
0 0.343125 0.5458333333333333 0.03875 0.058333333333333334
0 0.386875 0.5375 0.04125 0.06833333333333333
0 0.374375 0.6075 0.03875 0.06166666666666667
0 0.430625 0.5333333333333333 0.03375 0.06666666666666667
0 0.63125 0.35583333333333333 0.025 0.035
0 0.623125 0.5091666666666667 0.02875 0.051666666666666666
0 0.631875 0.5325 0.02875 0.04833333333333333
0 0.651875 0.5591666666666667 0.03125 0.055
0 0.6925 0.5783333333333334 0.0425 0.07333333333333333
0 0.7225 0.6158333333333333 0.055 0.085
0 0.733125 0.5708333333333333 0.04125 0.07166666666666667
0 0.695625 0.5191666666666667 0.03125 0.06166666666666667
0 0.765625 0.5425 0.02875 0.04833333333333333
0 0.766875 0.5083333333333333 0.03625 0.056666666666666664
0 0.78625 0.5933333333333334 0.0425 0.08
0 0.855 0.595 0.05 0.10333333333333333
0 0.8425 0.5433333333333333 0.035 0.05
0 0.848125 0.5016666666666667 0.03875 0.07
0 0.896875 0.5808333333333333 0.04375 0.07833333333333334
0 0.88625 0.7875 0.1025 0.17166666666666666
0 0.941875 0.5958333333333333 0.05125 0.08833333333333333
0 0.915625 0.54 0.04875 0.07333333333333333
