0 0.05367647058823529 0.8498896247240618 0.10441176470588236 0.26490066225165565
0 0.03455882352941177 0.34105960264900664 0.04852941176470588 0.0772626931567329
0 0.10735294117647058 0.35209713024282563 0.058823529411764705 0.09050772626931568
0 0.17426470588235293 0.6048565121412803 0.06323529411764706 0.10596026490066225
0 0.13014705882352942 0.3200883002207506 0.027941176470588237 0.04415011037527594
0 0.23676470588235293 0.3355408388520971 0.029411764705882353 0.03532008830022075
0 0.2661764705882353 0.3708609271523179 0.047058823529411764 0.08388520971302428
0 0.32279411764705884 0.40286975717439294 0.08088235294117647 0.12582781456953643
0 0.3897058823529412 0.33995584988962474 0.047058823529411764 0.07947019867549669
0 0.3492647058823529 0.31677704194260486 0.027941176470588237 0.04194260485651214
0 0.42205882352941176 0.3432671081677704 0.029411764705882353 0.05518763796909492
0 0.45441176470588235 0.3708609271523179 0.03235294117647059 0.04856512141280353
0 0.4860294117647059 0.31567328918322296 0.051470588235294115 0.09713024282560706
0 0.5360294117647059 0.3686534216335541 0.08970588235294118 0.15011037527593818
0 0.5911764705882353 0.3598233995584989 0.04411764705882353 0.0706401766004415
0 0.6227941176470588 0.3432671081677704 0.030882352941176472 0.05077262693156733
0 0.6448529411764706 0.3333333333333333 0.030882352941176472 0.039735099337748346
0 0.7088235294117647 0.3487858719646799 0.061764705882352944 0.09271523178807947
0 0.6323529411764706 0.31236203090507725 0.014705882352941176 0.033112582781456956
0 0.663235294117647 0.7086092715231788 0.11470588235294117 0.20309050772626933
0 0.8058823529411765 0.2947019867549669 0.09705882352941177 0.1479028697571744
0 0.8926470588235295 0.32781456953642385 0.026470588235294117 0.05077262693156733
0 0.9764705882352941 0.3830022075055188 0.04411764705882353 0.11699779249448124
