0 0.04613821138211382 0.4105691056910569 0.04065040650406504 0.06775067750677506
0 0.07632113821138212 0.4153116531165312 0.04207317073170732 0.07249322493224933
0 0.13170731707317074 0.4784891598915989 0.061788617886178863 0.11686991869918699
0 0.2184959349593496 0.5094850948509485 0.08130081300813008 0.15311653116531165
0 0.2978658536585366 0.37330623306233063 0.026626016260162602 0.046747967479674794
0 0.3388211382113821 0.4124322493224932 0.03861788617886179 0.061991869918699184
0 0.38434959349593495 0.6514227642276422 0.10853658536585366 0.22899728997289973
0 0.41727642276422766 0.4148035230352303 0.03170731707317073 0.06673441734417344
0 0.436890243902439 0.4410569105691057 0.04410569105691057 0.07723577235772358
0 0.516869918699187 0.42005420054200543 0.026016260162601626 0.0535230352303523
0 0.5473577235772358 0.4263211382113821 0.02804878048780488 0.05724932249322493
0 0.5854674796747967 0.4596883468834688 0.03841463414634146 0.07723577235772358
0 0.6239837398373984 0.5164295392953929 0.06097560975609756 0.1182249322493225
0 0.6076219512195122 0.4405487804878049 0.029471544715447155 0.05724932249322493
0 0.641869918699187 0.4369918699186992 0.03373983739837398 0.06639566395663957
0 0.6996951219512195 0.5 0.05386178861788618 0.09688346883468835
0 0.7067073170731707 0.4205623306233062 0.03983739837398374 0.07350948509485095
0 0.8356707317073171 0.5667344173441734 0.0806910569105691 0.14363143631436315
0 0.823780487804878 0.47560975609756095 0.03861788617886179 0.07113821138211382
0 0.9265243902439024 0.4842479674796748 0.05752032520325203 0.10060975609756098
