0 0.17666666666666667 0.575 0.068 0.16333333333333333
0 0.16133333333333333 0.44333333333333336 0.050666666666666665 0.10666666666666667
0 0.142 0.4116666666666667 0.03333333333333333 0.09
0 0.09533333333333334 0.3983333333333333 0.04133333333333333 0.09
0 0.10133333333333333 0.5283333333333333 0.06133333333333333 0.15666666666666668
0 0.068 0.49 0.048 0.1
0 0.03 0.43333333333333335 0.03866666666666667 0.09333333333333334
0 0.26466666666666666 0.495 0.044 0.11
0 0.30533333333333335 0.4683333333333333 0.048 0.13666666666666666
0 0.3353333333333333 0.5366666666666666 0.06266666666666666 0.16
0 0.3413333333333333 0.38333333333333336 0.024 0.08
0 0.364 0.3983333333333333 0.029333333333333333 0.08333333333333333
0 0.3893333333333333 0.41833333333333333 0.034666666666666665 0.08333333333333333
0 0.412 0.38166666666666665 0.024 0.06333333333333334
0 0.45866666666666667 0.2733333333333333 0.029333333333333333 0.09333333333333334
0 0.49133333333333334 0.42 0.030666666666666665 0.07333333333333333
0 0.5573333333333333 0.44666666666666666 0.032 0.09333333333333334
0 0.5926666666666667 0.6083333333333333 0.06533333333333333 0.20333333333333334
0 0.69 0.5683333333333334 0.06 0.16333333333333333
0 0.7693333333333333 0.6533333333333333 0.06933333333333333 0.20666666666666667
0 0.796 0.505 0.058666666666666666 0.18333333333333332
0 0.8806666666666667 0.635 0.068 0.16333333333333333
0 0.9313333333333333 0.6183333333333333 0.068 0.15666666666666668
0 0.9486666666666667 0.8583333333333333 0.1 0.25
0 0.8893333333333333 0.42833333333333334 0.04 0.09666666666666666
0 0.754 0.39166666666666666 0.028 0.07666666666666666
0 0.7546666666666667 0.48333333333333334 0.042666666666666665 0.09333333333333334
0 0.6706666666666666 0.4866666666666667 0.034666666666666665 0.08666666666666667
0 0.6826666666666666 0.43666666666666665 0.029333333333333333 0.06666666666666667
0 0.636 0.37833333333333335 0.024 0.07666666666666666
0 0.6046666666666667 0.44666666666666666 0.03333333333333333 0.1
0 0.6273333333333333 0.45 0.030666666666666665 0.09333333333333334
0 0.606 0.38666666666666666 0.02266666666666667 0.06666666666666667
