0 0.0625 0.3634064080944351 0.07196969696969698 0.10961214165261383
0 0.09154040404040405 0.4991568296795953 0.08964646464646464 0.1281618887015177
0 0.2777777777777778 0.4300168634064081 0.08080808080808081 0.11467116357504216
0 0.2361111111111111 0.43929173693086004 0.04292929292929293 0.07588532883642496
0 0.35795454545454547 0.3912310286677909 0.06439393939393939 0.1045531197301855
0 0.43876262626262624 0.42411467116357504 0.06944444444444445 0.11298482293423272
0 0.5397727272727273 0.42495784148397975 0.06944444444444445 0.10118043844856661
0 0.615530303030303 0.45531197301854975 0.06439393939393939 0.12141652613827993
0 0.69760101010101 0.3962900505902192 0.06691919191919192 0.1045531197301855
0 0.7866161616161617 0.43844856661045534 0.06818181818181818 0.1281618887015177
0 0.8547979797979798 0.40387858347386174 0.06313131313131314 0.09612141652613827
