0 0.178 0.4924698795180723 0.036 0.0572289156626506
0 0.165 0.4563253012048193 0.03 0.0391566265060241
0 0.128 0.4578313253012048 0.028 0.04216867469879518
0 0.146 0.38403614457831325 0.024 0.03313253012048193
0 0.183 0.39156626506024095 0.018 0.03614457831325301
0 0.189 0.3493975903614458 0.018 0.030120481927710843
0 0.224 0.43373493975903615 0.024 0.03614457831325301
0 0.235 0.4578313253012048 0.026 0.04819277108433735
0 0.241 0.37801204819277107 0.014 0.02710843373493976
0 0.274 0.4382530120481928 0.02 0.03313253012048193
0 0.265 0.49096385542168675 0.026 0.04216867469879518
0 0.272 0.5271084337349398 0.04 0.06626506024096386
0 0.276 0.39156626506024095 0.016 0.030120481927710843
0 0.307 0.4292168674698795 0.018 0.02710843373493976
0 0.338 0.4954819277108434 0.024 0.045180722891566265
0 0.396 0.5135542168674698 0.04 0.07530120481927711
0 0.419 0.4939759036144578 0.03 0.060240963855421686
0 0.372 0.4578313253012048 0.02 0.03614457831325301
0 0.351 0.4382530120481928 0.018 0.03313253012048193
0 0.334 0.38403614457831325 0.016 0.02710843373493976
0 0.364 0.3855421686746988 0.012 0.024096385542168676
0 0.386 0.411144578313253 0.016 0.02710843373493976
0 0.398 0.4322289156626506 0.016 0.02710843373493976
0 0.402 0.39759036144578314 0.012 0.024096385542168676
0 0.421 0.4186746987951807 0.014 0.024096385542168676
0 0.437 0.43373493975903615 0.014 0.024096385542168676
0 0.431 0.4578313253012048 0.022 0.03614457831325301
0 0.469 0.46987951807228917 0.022 0.03614457831325301
0 0.481 0.5045180722891566 0.026 0.05120481927710843
0 0.477 0.4397590361445783 0.018 0.030120481927710843
0 0.455 0.41566265060240964 0.014 0.024096385542168676
0 0.424 0.39457831325301207 0.016 0.018072289156626505
0 0.47 0.3870481927710843 0.016 0.02710843373493976
0 0.506 0.4141566265060241 0.016 0.02710843373493976
0 0.497 0.3855421686746988 0.014 0.030120481927710843
0 0.512 0.3825301204819277 0.012 0.018072289156626505
0 0.511 0.4427710843373494 0.018 0.024096385542168676
0 0.519 0.46536144578313254 0.022 0.0391566265060241
0 0.547 0.4939759036144578 0.03 0.04819277108433735
0 0.521 0.5240963855421686 0.038 0.07228915662650602
0 0.537 0.4186746987951807 0.014 0.030120481927710843
0 0.527 0.3960843373493976 0.014 0.02710843373493976
0 0.548 0.3930722891566265 0.012 0.02710843373493976
0 0.56 0.4322289156626506 0.016 0.03313253012048193
0 0.567 0.47289156626506024 0.018 0.04216867469879518
0 0.597 0.4939759036144578 0.03 0.05421686746987952
0 0.581 0.42168674698795183 0.014 0.03614457831325301
0 0.572 0.4006024096385542 0.012 0.030120481927710843
0 0.586 0.39457831325301207 0.012 0.024096385542168676
0 0.604 0.4036144578313253 0.012 0.024096385542168676
0 0.601 0.4427710843373494 0.014 0.030120481927710843
0 0.621 0.45933734939759036 0.018 0.03313253012048193
0 0.64 0.5210843373493976 0.036 0.07228915662650602
0 0.616 0.42018072289156627 0.016 0.03313253012048193
0 0.634 0.39759036144578314 0.012 0.024096385542168676
0 0.664 0.38403614457831325 0.016 0.02710843373493976
0 0.666 0.4246987951807229 0.016 0.030120481927710843
0 0.651 0.4427710843373494 0.018 0.030120481927710843
0 0.673 0.46686746987951805 0.022 0.03614457831325301
0 0.661 0.5030120481927711 0.022 0.04216867469879518
0 0.698 0.5045180722891566 0.024 0.05120481927710843
0 0.697 0.4503012048192771 0.018 0.03313253012048193
0 0.709 0.4292168674698795 0.014 0.02108433734939759
0 0.703 0.3825301204819277 0.014 0.024096385542168676
0 0.739 0.3855421686746988 0.014 0.024096385542168676
0 0.727 0.45481927710843373 0.022 0.03614457831325301
0 0.741 0.42620481927710846 0.014 0.03313253012048193
0 0.755 0.44126506024096385 0.018 0.03313253012048193
0 0.736 0.5 0.024 0.04819277108433735
0 0.787 0.5105421686746988 0.026 0.05120481927710843
0 0.799 0.5406626506024096 0.042 0.07530120481927711
0 0.786 0.4759036144578313 0.024 0.04216867469879518
0 0.8 0.45180722891566266 0.02 0.030120481927710843
0 0.796 0.4246987951807229 0.016 0.030120481927710843
0 0.787 0.39156626506024095 0.014 0.024096385542168676
0 0.829 0.38403614457831325 0.022 0.02710843373493976
0 0.841 0.44879518072289154 0.018 0.03614457831325301
0 0.855 0.42018072289156627 0.018 0.02710843373493976
0 0.868 0.3810240963855422 0.02 0.03313253012048193
0 0.874 0.4442771084337349 0.02 0.0391566265060241
0 0.863 0.47740963855421686 0.03 0.0391566265060241
0 0.843 0.5180722891566265 0.03 0.05421686746987952
