0 0.05432937181663837 0.16097560975609757 0.044142614601018676 0.0975609756097561
0 0.039898132427843805 0.08414634146341464 0.025466893039049237 0.03170731707317073
0 0.013582342954159592 0.08414634146341464 0.023769100169779286 0.026829268292682926
0 0.025466893039049237 0.07317073170731707 0.01697792869269949 0.01951219512195122
0 0.03395585738539898 0.06341463414634146 0.02037351443123939 0.02926829268292683
0 0.056876061120543296 0.06951219512195123 0.022071307300509338 0.036585365853658534
0 0.08913412563667232 0.07926829268292683 0.025466893039049237 0.036585365853658534
0 0.08488964346349745 0.05731707317073171 0.02037351443123939 0.026829268292682926
0 0.13157894736842105 0.1878048780487805 0.06621392190152801 0.11219512195121951
0 0.133276740237691 0.09268292682926829 0.025466893039049237 0.03414634146341464
0 0.10780984719864177 0.06951219512195123 0.022071307300509338 0.036585365853658534
0 0.14176570458404075 0.05853658536585366 0.022071307300509338 0.03414634146341464
0 0.20118845500848898 0.0951219512195122 0.03904923599320883 0.05853658536585366
0 0.19185059422750425 0.05731707317073171 0.01697792869269949 0.02195121951219512
0 0.21392190152801357 0.045121951219512194 0.02037351443123939 0.03170731707317073
0 0.2436332767402377 0.09878048780487805 0.028862478777589132 0.05609756097560976
0 0.23429541595925296 0.06829268292682927 0.023769100169779286 0.04390243902439024
0 0.27928692699490665 0.09878048780487805 0.028862478777589132 0.05609756097560976
0 0.2911714770797963 0.07317073170731707 0.01867572156196944 0.03414634146341464
0 0.26485568760611206 0.1975609756097561 0.06791171477079797 0.11219512195121951
0 0.3200339558573854 0.16463414634146342 0.05263157894736842 0.09024390243902439
0 0.3361629881154499 0.1 0.03395585738539898 0.05853658536585366
0 0.32597623089983024 0.054878048780487805 0.023769100169779286 0.036585365853658534
0 0.34465195246179964 0.032926829268292684 0.01697792869269949 0.036585365853658534
0 0.3633276740237691 0.05731707317073171 0.02037351443123939 0.041463414634146344
0 0.3904923599320883 0.05609756097560976 0.02037351443123939 0.03902439024390244
0 0.4142614601018676 0.09634146341463415 0.027164685908319185 0.05609756097560976
0 0.3616298811544992 0.14512195121951219 0.030560271646859084 0.05609756097560976
0 0.4405772495755518 0.16097560975609757 0.059422750424448216 0.11707317073170732
0 0.4779286926994907 0.1329268292682927 0.03225806451612903 0.07560975609756097
0 0.49745331069609505 0.0975609756097561 0.027164685908319185 0.04878048780487805
0 0.4923599320882852 0.0524390243902439 0.02037351443123939 0.036585365853658534
0 0.47113752122241087 0.04024390243902439 0.022071307300509338 0.041463414634146344
0 0.45585738539898135 0.032926829268292684 0.015280135823429542 0.026829268292682926
0 0.4456706281833616 0.05731707317073171 0.01867572156196944 0.036585365853658534
0 0.43378607809847197 0.07926829268292683 0.022071307300509338 0.036585365853658534
0 0.4219015280135823 0.03902439024390244 0.01867572156196944 0.024390243902439025
0 0.4235993208828523 0.02195121951219512 0.015280135823429542 0.024390243902439025
0 0.41765704584040747 0.06585365853658537 0.02037351443123939 0.03902439024390244
0 0.5263157894736842 0.03780487804878049 0.02037351443123939 0.036585365853658534
0 0.5704584040747029 0.16097560975609757 0.07470288624787776 0.12195121951219512
0 0.5619694397283531 0.05609756097560976 0.03395585738539898 0.05365853658536585
0 0.5713073005093379 0.03048780487804878 0.022071307300509338 0.036585365853658534
0 0.6256366723259762 0.05731707317073171 0.03225806451612903 0.05121951219512195
0 0.634974533106961 0.07560975609756097 0.027164685908319185 0.04878048780487805
0 0.6646859083191851 0.07804878048780488 0.035653650254668934 0.05365853658536585
0 0.6612903225806451 0.1402439024390244 0.03904923599320883 0.06585365853658537
0 0.7393887945670629 0.1548780487804878 0.07640067911714771 0.13414634146341464
0 0.7122241086587436 0.07926829268292683 0.03225806451612903 0.05609756097560976
0 0.6943972835314092 0.06097560975609756 0.03395585738539898 0.05853658536585366
0 0.7300509337860781 0.054878048780487805 0.030560271646859084 0.046341463414634146
0 0.7079796264855688 0.01951219512195122 0.023769100169779286 0.02926829268292683
0 0.6816638370118846 0.023170731707317073 0.015280135823429542 0.026829268292682926
0 0.6604414261460102 0.036585365853658534 0.02037351443123939 0.02926829268292683
0 0.6519524617996605 0.020731707317073172 0.02037351443123939 0.036585365853658534
0 0.6281833616298812 0.026829268292682926 0.01697792869269949 0.02926829268292683
0 0.6129032258064516 0.03780487804878049 0.02037351443123939 0.03170731707317073
0 0.8208828522920204 0.08658536585365853 0.035653650254668934 0.06097560975609756
0 0.8421052631578947 0.15609756097560976 0.057724957555178265 0.1073170731707317
0 0.9431239388794567 0.16707317073170733 0.0967741935483871 0.15853658536585366
0 0.9244482173174873 0.046341463414634146 0.028862478777589132 0.03902439024390244
0 0.9855687606112055 0.03536585365853658 0.025466893039049237 0.046341463414634146
0 0.9057724957555179 0.02804878048780488 0.025466893039049237 0.03170731707317073
0 0.8446519524617997 0.032926829268292684 0.025466893039049237 0.036585365853658534
0 0.8166383701188455 0.02195121951219512 0.023769100169779286 0.03902439024390244
