0 0.12333333333333334 0.599483204134367 0.10666666666666667 0.13953488372093023
0 0.09166666666666666 0.686046511627907 0.05 0.09043927648578812
0 0.13666666666666666 0.45478036175710596 0.07 0.10852713178294573
0 0.25416666666666665 0.5723514211886305 0.12166666666666667 0.19896640826873385
0 0.225 0.4702842377260982 0.056666666666666664 0.09819121447028424
0 0.26666666666666666 0.43281653746770027 0.07333333333333333 0.11627906976744186
0 0.3408333333333333 0.39147286821705424 0.09833333333333333 0.14728682170542637
0 0.4175 0.3023255813953488 0.08833333333333333 0.15503875968992248
0 0.49 0.27002583979328165 0.10333333333333333 0.1731266149870801
0 0.44166666666666665 0.5697674418604651 0.14333333333333334 0.21963824289405684
0 0.6566666666666666 0.5310077519379846 0.05 0.07493540051679587
0 0.83 0.4560723514211886 0.18666666666666668 0.3281653746770026
0 0.7291666666666666 0.5129198966408268 0.03833333333333333 0.08527131782945736
