0 0.02090909090909091 0.5256024096385542 0.02727272727272727 0.045180722891566265
0 0.05181818181818182 0.5496987951807228 0.034545454545454546 0.05120481927710843
0 0.09 0.4954819277108434 0.023636363636363636 0.02710843373493976
0 0.11727272727272728 0.5180722891566265 0.02727272727272727 0.04216867469879518
0 0.15363636363636363 0.48042168674698793 0.02 0.02710843373493976
0 0.18181818181818182 0.46686746987951805 0.01818181818181818 0.030120481927710843
0 0.19545454545454546 0.4563253012048193 0.016363636363636365 0.02710843373493976
0 0.20636363636363636 0.5436746987951807 0.02727272727272727 0.0391566265060241
0 0.21545454545454545 0.48493975903614456 0.02 0.03614457831325301
0 0.24454545454545454 0.46987951807228917 0.02 0.030120481927710843
0 0.2872727272727273 0.5075301204819277 0.02181818181818182 0.0391566265060241
0 0.32727272727272727 0.4743975903614458 0.02181818181818182 0.045180722891566265
0 0.32272727272727275 0.4352409638554217 0.02 0.02710843373493976
0 0.3527272727272727 0.44879518072289154 0.014545454545454545 0.024096385542168676
0 0.3718181818181818 0.5210843373493976 0.023636363636363636 0.05421686746987952
0 0.28545454545454546 0.4427710843373494 0.01818181818181818 0.03614457831325301
0 0.2609090909090909 0.3433734939759036 0.02 0.03614457831325301
0 0.6327272727272727 0.4036144578313253 0.03636363636363636 0.06626506024096386
0 0.6545454545454545 0.46987951807228917 0.05090909090909091 0.0963855421686747
0 0.7945454545454546 0.4819277108433735 0.08727272727272728 0.15060240963855423
0 0.8854545454545455 0.572289156626506 0.1781818181818182 0.2469879518072289
0 0.6690909090909091 0.3147590361445783 0.025454545454545455 0.045180722891566265
0 0.6218181818181818 0.3629518072289157 0.025454545454545455 0.045180722891566265
0 0.5918181818181818 0.37349397590361444 0.016363636363636365 0.03614457831325301
