0 0.11772315653298836 0.687392055267703 0.11384217335058215 0.15889464594127806
0 0.13260025873221215 0.5751295336787565 0.09702457956015524 0.15198618307426598
0 0.28525226390685643 0.5561312607944733 0.0685640362225097 0.09671848013816926
0 0.370633893919793 0.538860103626943 0.0815006468305304 0.11053540587219343
0 0.4230271668822768 0.5699481865284974 0.1034928848641656 0.1381692573402418
0 0.5523932729624839 0.39378238341968913 0.0646830530401035 0.10362694300518134
0 0.5129366106080206 0.542314335060449 0.07373868046571798 0.10362694300518134
0 0.6002587322121604 0.5690846286701209 0.08020698576972833 0.11226252158894647
0 0.6739974126778784 0.6476683937823834 0.11642949547218628 0.1381692573402418
0 0.7645536869340233 0.582901554404145 0.07503234152652005 0.11226252158894647
0 0.889391979301423 0.614853195164076 0.09702457956015524 0.13471502590673576
0 0.9508408796895214 0.5535405872193437 0.07761966364812418 0.10535405872193437
