0 0.05390625 0.82981220657277 0.0984375 0.1572769953051643
0 0.11640625 0.7394366197183099 0.0828125 0.12206572769953052
0 0.05703125 0.6126760563380281 0.0515625 0.0892018779342723
0 0.1140625 0.45305164319248825 0.05625 0.09389671361502347
0 0.19375 0.5152582159624414 0.0375 0.06338028169014084
0 0.25859375 0.4694835680751174 0.0390625 0.06103286384976526
0 0.29453125 0.5046948356807511 0.0359375 0.06103286384976526
0 0.35625 0.47183098591549294 0.034375 0.051643192488262914
0 0.4515625 0.4518779342723005 0.028125 0.04929577464788732
0 0.4671875 0.4166666666666667 0.028125 0.05868544600938967
0 0.43515625 0.3955399061032864 0.0234375 0.04460093896713615
0 0.37890625 0.4014084507042254 0.0234375 0.04225352112676056
0 0.3171875 0.4295774647887324 0.03125 0.046948356807511735
0 0.284375 0.431924882629108 0.028125 0.03286384976525822
0 0.2640625 0.4213615023474178 0.021875 0.035211267605633804
0 0.259375 0.392018779342723 0.025 0.04225352112676056
0 0.5140625 0.3086854460093897 0.040625 0.07746478873239436
0 0.3125 0.6490610328638498 0.053125 0.1056338028169014
0 0.2375 0.7758215962441315 0.08125 0.11502347417840375
0 0.3734375 0.6913145539906104 0.071875 0.11971830985915492
0 0.4421875 0.6338028169014085 0.05625 0.09859154929577464
0 0.5953125 0.5187793427230047 0.040625 0.07511737089201878
0 0.59296875 0.6443661971830986 0.0671875 0.12910798122065728
0 0.61015625 0.8826291079812206 0.1015625 0.18309859154929578
0 0.74296875 0.7194835680751174 0.0734375 0.1572769953051643
0 0.7046875 0.6913145539906104 0.0625 0.11971830985915492
0 0.7078125 0.5234741784037559 0.046875 0.06572769953051644
0 0.6375 0.465962441314554 0.034375 0.05868544600938967
0 0.6765625 0.4307511737089202 0.03125 0.04929577464788732
0 0.70390625 0.37910798122065725 0.0296875 0.0539906103286385
0 0.734375 0.37910798122065725 0.028125 0.04460093896713615
0 0.67421875 0.29107981220657275 0.0359375 0.06103286384976526
0 0.565625 0.38380281690140844 0.025 0.03990610328638498
0 0.771875 0.3615023474178404 0.021875 0.03286384976525822
0 0.74609375 0.4495305164319249 0.0390625 0.05868544600938967
0 0.9078125 0.352112676056338 0.075 0.14084507042253522
0 0.9265625 0.7253521126760564 0.08125 0.15023474178403756
0 0.9828125 0.6866197183098591 0.03125 0.11032863849765258
0 0.896875 0.9084507042253521 0.125 0.1784037558685446
