0 0.15051903114186851 0.3192857142857143 0.0726643598615917 0.09285714285714286
0 0.19261822376009227 0.49214285714285716 0.08073817762399077 0.11285714285714285
0 0.276239907727797 0.5164285714285715 0.07958477508650519 0.13
0 0.4400230680507497 0.53 0.07035755478662054 0.11142857142857143
0 0.4515570934256055 0.43142857142857144 0.04728950403690888 0.07142857142857142
0 0.5063437139561707 0.4714285714285714 0.0530565167243368 0.09142857142857143
0 0.5536332179930796 0.315 0.05074971164936563 0.06714285714285714
0 0.5859284890426759 0.5471428571428572 0.09919261822376009 0.16857142857142857
0 0.6314878892733564 0.4407142857142857 0.05651672433679354 0.07571428571428572
0 0.7168396770472895 0.5035714285714286 0.08650519031141868 0.11
0 0.7629757785467128 0.45071428571428573 0.049596309111880045 0.07
0 0.7335640138408305 0.3607142857142857 0.05536332179930796 0.07857142857142857
0 0.8921568627450981 0.33785714285714286 0.06113033448673587 0.09571428571428571
