0 0.17846153846153845 0.41478439425051333 0.07384615384615385 0.09856262833675565
0 0.23076923076923078 0.5164271047227926 0.11384615384615385 0.17864476386036962
0 0.32461538461538464 0.4106776180698152 0.06153846153846154 0.08213552361396304
0 0.41384615384615386 0.38193018480492813 0.04 0.06981519507186858
0 0.5069230769230769 0.5451745379876797 0.09076923076923077 0.15811088295687886
0 0.5738461538461539 0.4404517453798768 0.08 0.14168377823408623
0 0.5192307692307693 0.3860369609856263 0.05076923076923077 0.08624229979466119
0 0.5692307692307692 0.35010266940451745 0.036923076923076927 0.055441478439425054
0 0.7176923076923077 0.3336755646817248 0.03230769230769231 0.059548254620123205
0 0.7384615384615385 0.41581108829568786 0.06769230769230769 0.11704312114989733
0 0.8253846153846154 0.41683778234086244 0.06307692307692307 0.1026694045174538
0 0.8146153846153846 0.37474332648870634 0.05076923076923077 0.08418891170431211
0 0.9207692307692308 0.3809034907597536 0.05384615384615385 0.09240246406570841
