0 0.27230046948356806 0.65859375 0.05868544600938967 0.0890625
0 0.272887323943662 0.56171875 0.03873239436619718 0.0546875
0 0.2323943661971831 0.56015625 0.03286384976525822 0.0546875
0 0.24061032863849766 0.52109375 0.03051643192488263 0.0515625
0 0.2306338028169014 0.49375 0.02699530516431925 0.040625
0 0.18896713615023475 0.46171875 0.025821596244131457 0.0390625
0 0.18720657276995306 0.51875 0.029342723004694836 0.034375
0 0.12147887323943662 0.515625 0.02699530516431925 0.040625
0 0.12441314553990611 0.49140625 0.02112676056338028 0.0296875
0 0.11384976525821597 0.46640625 0.025821596244131457 0.0359375
0 0.0897887323943662 0.48984375 0.02699530516431925 0.0359375
0 0.0733568075117371 0.49765625 0.03169014084507042 0.0359375
0 0.041666666666666664 0.4765625 0.03169014084507042 0.04375
0 0.30164319248826293 0.53984375 0.03286384976525822 0.0421875
0 0.29988262910798125 0.49296875 0.029342723004694836 0.0390625
0 0.3204225352112676 0.4421875 0.028169014084507043 0.040625
0 0.3374413145539906 0.465625 0.02464788732394366 0.0375
0 0.35269953051643194 0.44765625 0.022300469483568074 0.0359375
0 0.36561032863849763 0.471875 0.02464788732394366 0.034375
0 0.3503521126760563 0.50078125 0.03169014084507042 0.0453125
0 0.4295774647887324 0.5453125 0.03755868544600939 0.059375
0 0.397887323943662 0.540625 0.03051643192488263 0.046875
0 0.47124413145539906 0.56328125 0.045774647887323945 0.0609375
0 0.43133802816901406 0.48359375 0.029342723004694836 0.0359375
0 0.42370892018779344 0.4609375 0.02112676056338028 0.03125
0 0.40669014084507044 0.45078125 0.01995305164319249 0.0296875
0 0.38380281690140844 0.47109375 0.01643192488262911 0.0234375
0 0.4665492957746479 0.46484375 0.02464788732394366 0.0296875
0 0.47300469483568075 0.44140625 0.02112676056338028 0.0296875
0 0.49471830985915494 0.4796875 0.02699530516431925 0.04375
0 0.5240610328638498 0.50390625 0.022300469483568074 0.0390625
0 0.5234741784037559 0.43046875 0.018779342723004695 0.0328125
0 0.534037558685446 0.44609375 0.01643192488262911 0.0265625
0 0.551056338028169 0.4296875 0.017605633802816902 0.028125
0 0.5475352112676056 0.4796875 0.02464788732394366 0.0375
0 0.5715962441314554 0.49609375 0.028169014084507043 0.0421875
0 0.562206572769953 0.55859375 0.03755868544600939 0.0671875
0 0.6085680751173709 0.54765625 0.04342723004694836 0.0609375
0 0.6197183098591549 0.5125 0.03286384976525822 0.04375
0 0.6220657276995305 0.446875 0.01643192488262911 0.03125
0 0.5886150234741784 0.453125 0.02464788732394366 0.034375
0 0.613849765258216 0.43203125 0.02112676056338028 0.0359375
0 0.647887323943662 0.453125 0.02112676056338028 0.03125
0 0.6684272300469484 0.53203125 0.036384976525821594 0.0453125
0 0.6584507042253521 0.50625 0.02112676056338028 0.028125
0 0.6613849765258216 0.43671875 0.017605633802816902 0.0296875
0 0.681924882629108 0.428125 0.018779342723004695 0.0375
0 0.7241784037558685 0.453125 0.025821596244131457 0.034375
0 0.7241784037558685 0.43125 0.02112676056338028 0.03125
0 0.7447183098591549 0.44296875 0.017605633802816902 0.0328125
0 0.7411971830985915 0.534375 0.04107981220657277 0.0625
0 0.7828638497652582 0.5078125 0.03755868544600939 0.059375
0 0.8104460093896714 0.49453125 0.029342723004694836 0.0453125
0 0.7805164319248826 0.4453125 0.023474178403755867 0.040625
0 0.8321596244131455 0.528125 0.051643192488262914 0.071875
0 0.8697183098591549 0.48671875 0.035211267605633804 0.0609375
0 0.863849765258216 0.4421875 0.03051643192488263 0.046875
0 0.9213615023474179 0.4765625 0.03286384976525822 0.053125
0 0.9442488262910798 0.5046875 0.04107981220657277 0.065625
0 0.9325117370892019 0.44921875 0.02464788732394366 0.0359375
