0 0.03727272727272727 0.28356164383561644 0.05272727272727273 0.07945205479452055
0 0.09090909090909091 0.2808219178082192 0.04 0.07397260273972603
0 0.24181818181818182 0.37123287671232874 0.05090909090909091 0.09041095890410959
0 0.23272727272727273 0.2808219178082192 0.05090909090909091 0.07397260273972603
0 0.22363636363636363 0.22602739726027396 0.03636363636363636 0.052054794520547946
0 0.2590909090909091 0.2452054794520548 0.034545454545454546 0.052054794520547946
0 0.34 0.2095890410958904 0.02909090909090909 0.052054794520547946
0 0.3781818181818182 0.22054794520547946 0.03272727272727273 0.057534246575342465
0 0.4072727272727273 0.2356164383561644 0.04 0.07123287671232877
0 0.4309090909090909 0.20136986301369864 0.025454545454545455 0.052054794520547946
0 0.45636363636363636 0.25068493150684934 0.03636363636363636 0.07397260273972603
0 0.5172727272727272 0.25205479452054796 0.10363636363636364 0.18082191780821918
0 0.5936363636363636 0.22054794520547946 0.045454545454545456 0.0684931506849315
0 0.5772727272727273 0.17534246575342466 0.023636363636363636 0.0273972602739726
0 0.6127272727272727 0.18904109589041096 0.025454545454545455 0.043835616438356165
0 0.6836363636363636 0.2219178082191781 0.04363636363636364 0.0547945205479452
0 0.7372727272727273 0.1958904109589041 0.02727272727272727 0.052054794520547946
0 0.7654545454545455 0.18356164383561643 0.02181818181818182 0.043835616438356165
0 0.8018181818181818 0.1917808219178082 0.02909090909090909 0.0547945205479452
0 0.8263636363636364 0.16986301369863013 0.02 0.0547945205479452
0 0.76 0.31095890410958904 0.06909090909090909 0.13424657534246576
0 0.8581818181818182 0.25068493150684934 0.04727272727272727 0.09041095890410959
0 0.92 0.3452054794520548 0.09090909090909091 0.14246575342465753
0 0.9709090909090909 0.27534246575342464 0.05090909090909091 0.10136986301369863
0 0.9136363636363637 0.2328767123287671 0.038181818181818185 0.07671232876712329
0 0.9509090909090909 0.2273972602739726 0.04363636363636364 0.08767123287671233
