0 0.1289134438305709 0.3324022346368715 0.03683241252302026 0.0670391061452514
0 0.14548802946593 0.3715083798882682 0.03683241252302026 0.061452513966480445
0 0.21639042357274402 0.35614525139664804 0.034990791896869246 0.05865921787709497
0 0.292817679558011 0.3994413407821229 0.040515653775322284 0.07262569832402235
0 0.32228360957642727 0.3659217877094972 0.03314917127071823 0.0670391061452514
0 0.3572744014732965 0.4245810055865922 0.05156537753222836 0.0893854748603352
0 0.3674033149171271 0.3463687150837989 0.027624309392265192 0.0446927374301676
0 0.39318600368324125 0.36731843575418993 0.034990791896869246 0.06424581005586592
0 0.42265193370165743 0.3645251396648045 0.03867403314917127 0.06983240223463687
0 0.5082872928176796 0.41480446927374304 0.06629834254143646 0.09776536312849161
0 0.5460405156537753 0.3784916201117318 0.04604051565377532 0.08100558659217877
0 0.49355432780847147 0.361731843575419 0.03683241252302026 0.06424581005586592
0 0.6224677716390423 0.4371508379888268 0.08103130755064457 0.12011173184357542
0 0.6114180478821363 0.3505586592178771 0.03314917127071823 0.04189944134078212
0 0.8047882136279927 0.526536312849162 0.09944751381215469 0.164804469273743
0 0.9014732965009208 0.5293296089385475 0.08287292817679558 0.1424581005586592
0 0.919889502762431 0.4092178770949721 0.049723756906077346 0.08659217877094973
0 0.9788213627992634 0.4106145251396648 0.03867403314917127 0.08379888268156424
0 0.9447513812154696 0.33519553072625696 0.02578268876611418 0.0446927374301676
0 0.9539594843462247 0.2709497206703911 0.02578268876611418 0.0446927374301676
0 0.8664825046040515 0.39385474860335196 0.03867403314917127 0.0782122905027933
0 0.8360957642725598 0.3268156424581006 0.029465930018416207 0.05027932960893855
0 0.8176795580110497 0.3477653631284916 0.02578268876611418 0.04748603351955307
0 0.7744014732965009 0.3952513966480447 0.04604051565377532 0.07541899441340782
0 0.7523020257826888 0.35335195530726254 0.020257826887661142 0.04189944134078212
0 0.7523020257826888 0.3254189944134078 0.020257826887661142 0.04189944134078212
0 0.7302025782688766 0.35614525139664804 0.03130755064456722 0.05307262569832402
0 0.6694290976058932 0.39106145251396646 0.034990791896869246 0.0670391061452514
0 0.649171270718232 0.34497206703910616 0.02394106813996317 0.036312849162011177
0 0.6058931860036832 0.3198324022346369 0.022099447513812154 0.030726256983240222
0 0.6777163904235728 0.34497206703910616 0.029465930018416207 0.04748603351955307
0 0.7034990791896869 0.34217877094972066 0.022099447513812154 0.04189944134078212
