0 0.056742323097463285 0.3 0.017356475300400534 0.043243243243243246
0 0.03404539385847797 0.45 0.028037383177570093 0.07837837837837838
0 0.1795727636849132 0.3716216216216216 0.0814419225634179 0.1864864864864865
0 0.3671562082777036 0.2702702702702703 0.0801068090787717 0.22702702702702704
0 0.253671562082777 0.4175675675675676 0.0267022696929239 0.05675675675675676
0 0.2576769025367156 0.49864864864864866 0.03204272363150868 0.07837837837837838
0 0.534712950600801 0.30405405405405406 0.06542056074766354 0.17027027027027028
0 0.6275033377837116 0.3364864864864865 0.042723631508678236 0.10540540540540541
0 0.6535380507343124 0.3824324324324324 0.05473965287049399 0.13243243243243244
0 0.7323097463284379 0.372972972972973 0.05473965287049399 0.15675675675675677
0 0.8030707610146862 0.4635135135135135 0.04672897196261682 0.11081081081081082
0 0.8791722296395194 0.3621621621621622 0.049399198931909215 0.10270270270270271
