0 0.74 0.31625 0.06333333333333334 0.1175
0 0.16833333333333333 0.7075 0.07666666666666666 0.12
0 0.3958333333333333 0.74625 0.105 0.1475
0 0.41583333333333333 0.665 0.09166666666666666 0.125
0 0.5116666666666667 0.7425 0.08333333333333333 0.16
0 0.5933333333333334 0.76625 0.09333333333333334 0.1525
0 0.6025 0.68375 0.08833333333333333 0.1125
0 0.6741666666666667 0.79 0.13166666666666665 0.16
0 0.6591666666666667 0.89 0.13166666666666665 0.185
0 0.805 0.73 0.09666666666666666 0.13
0 0.8425 0.68625 0.06833333333333333 0.1175
