0 0.608843537414966 0.60431654676259 0.06575963718820861 0.09352517985611511
0 0.35374149659863946 0.44964028776978415 0.031746031746031744 0.05755395683453238
0 0.47732426303854875 0.6258992805755396 0.05668934240362812 0.1079136690647482
0 0.409297052154195 0.7517985611510791 0.09297052154195011 0.1510791366906475
0 0.3401360544217687 0.579136690647482 0.049886621315192746 0.08633093525179857
0 0.2165532879818594 0.697841726618705 0.07936507936507936 0.1366906474820144
0 0.19954648526077098 0.5557553956834532 0.036281179138321996 0.0539568345323741
0 0.25396825396825395 0.5881294964028777 0.045351473922902494 0.0683453237410072
0 0.09863945578231292 0.6960431654676259 0.07482993197278912 0.12589928057553956
0 0.04308390022675737 0.6438848920863309 0.05895691609977324 0.08633093525179857
0 0.13038548752834467 0.5629496402877698 0.02947845804988662 0.046762589928057555
