0 0.16486486486486487 0.8174442190669371 0.15675675675675677 0.25557809330628806
0 0.2743243243243243 0.9066937119675457 0.15135135135135136 0.18255578093306288
0 0.09527027027027027 0.5415821501014199 0.041891891891891894 0.060851926977687626
0 0.11418918918918919 0.5628803245436106 0.02837837837837838 0.05476673427991886
0 0.15472972972972973 0.552738336713996 0.031081081081081083 0.05070993914807302
0 0.17229729729729729 0.5182555780933062 0.031081081081081083 0.04665314401622718
0 0.22162162162162163 0.5294117647058824 0.032432432432432434 0.04462474645030426
0 0.23445945945945945 0.5111561866125761 0.025675675675675677 0.04462474645030426
0 0.25 0.5253549695740365 0.02702702702702703 0.04056795131845842
0 0.3358108108108108 0.45740365111561865 0.025675675675675677 0.038539553752535496
0 0.35945945945945945 0.5365111561866126 0.04054054054054054 0.07099391480730223
0 0.3695945945945946 0.5233265720081136 0.033783783783783786 0.05273833671399594
0 0.44932432432432434 0.5233265720081136 0.03648648648648649 0.05273833671399594
0 0.44324324324324327 0.5851926977687627 0.043243243243243246 0.07099391480730223
0 0.4918918918918919 0.5415821501014199 0.03513513513513514 0.06490872210953347
0 0.527027027027027 0.5537525354969574 0.04054054054054054 0.07707910750507099
0 0.5655405405405406 0.5730223123732252 0.06351351351351352 0.09533468559837728
0 0.6594594594594595 0.6551724137931034 0.13243243243243244 0.19878296146044624
0 0.672972972972973 0.46247464503042596 0.021621621621621623 0.04462474645030426
0 0.7189189189189189 0.4513184584178499 0.032432432432432434 0.04665314401622718
0 0.772972972972973 0.5405679513184585 0.02972972972972973 0.05476673427991886
0 0.7986486486486486 0.5415821501014199 0.03513513513513514 0.056795131845841784
0 0.8648648648648649 0.5943204868154158 0.05945945945945946 0.08924949290060852
0 0.9418918918918919 0.5953346855983773 0.05945945945945946 0.10344827586206896
0 0.922972972972973 0.7363083164300203 0.13783783783783785 0.22718052738336714
0 0.7966216216216216 0.8651115618661258 0.11486486486486487 0.19675456389452334
