0 0.05058823529411765 0.45936395759717313 0.08705882352941176 0.1413427561837456
0 0.08588235294117647 0.40636042402826855 0.06823529411764706 0.11307420494699646
0 0.10705882352941176 0.26148409893992935 0.058823529411764705 0.10600706713780919
0 0.15764705882352942 0.3215547703180212 0.047058823529411764 0.07773851590106007
0 0.2 0.24911660777385158 0.03294117647058824 0.053003533568904596
0 0.23529411764705882 0.25618374558303886 0.05176470588235294 0.10247349823321555
0 0.23411764705882354 0.5247349823321554 0.11529411764705882 0.17314487632508835
0 0.3376470588235294 0.3957597173144876 0.07294117647058823 0.127208480565371
0 0.3611764705882353 0.6325088339222615 0.11529411764705882 0.1696113074204947
0 0.4894117647058824 0.4469964664310954 0.07058823529411765 0.1166077738515901
0 0.46941176470588236 0.3869257950530035 0.05411764705882353 0.07420494699646643
0 0.5952941176470589 0.38515901060070673 0.05647058823529412 0.10600706713780919
0 0.7082352941176471 0.5742049469964664 0.0988235294117647 0.1519434628975265
0 0.8047058823529412 0.43286219081272087 0.07058823529411765 0.10247349823321555
0 0.9141176470588235 0.49646643109540634 0.08235294117647059 0.14487632508833923
