0 0.1009090909090909 0.7372262773722628 0.09636363636363636 0.1362530413625304
0 0.015454545454545455 0.44768856447688565 0.02727272727272727 0.0535279805352798
0 0.045454545454545456 0.4586374695863747 0.02909090909090909 0.051094890510948905
0 0.07181818181818182 0.5194647201946472 0.045454545454545456 0.05596107055961071
0 0.09636363636363636 0.48175182481751827 0.03272727272727273 0.04866180048661801
0 0.1 0.4245742092457421 0.02909090909090909 0.0413625304136253
0 0.13818181818181818 0.45498783454987834 0.02909090909090909 0.043795620437956206
0 0.16818181818181818 0.5206812652068127 0.04909090909090909 0.0681265206812652
0 0.17363636363636364 0.4768856447688564 0.038181818181818185 0.0535279805352798
0 0.20636363636363636 0.4537712895377129 0.034545454545454546 0.051094890510948905
0 0.24454545454545454 0.43795620437956206 0.03090909090909091 0.058394160583941604
0 0.2545454545454545 0.5012165450121655 0.04 0.058394160583941604
0 0.2809090909090909 0.5437956204379562 0.05272727272727273 0.07542579075425791
0 0.2818181818181818 0.4659367396593674 0.04 0.046228710462287104
0 0.30363636363636365 0.4343065693430657 0.02909090909090909 0.046228710462287104
0 0.3390909090909091 0.45012165450121655 0.02727272727272727 0.038929440389294405
0 0.3472727272727273 0.40632603406326034 0.02909090909090909 0.0340632603406326
0 0.3709090909090909 0.41849148418491483 0.025454545454545455 0.038929440389294405
0 0.3981818181818182 0.4464720194647202 0.02909090909090909 0.046228710462287104
0 0.37272727272727274 0.4805352798053528 0.03636363636363636 0.051094890510948905
0 0.3936363636363636 0.5389294403892944 0.04181818181818182 0.07542579075425791
0 0.4390909090909091 0.6131386861313869 0.06363636363636363 0.09732360097323602
0 0.48363636363636364 0.5194647201946472 0.03636363636363636 0.05596107055961071
0 0.42454545454545456 0.45985401459854014 0.02727272727272727 0.043795620437956206
0 0.4409090909090909 0.4282238442822384 0.02727272727272727 0.038929440389294405
0 0.4718181818181818 0.45012165450121655 0.03090909090909091 0.038929440389294405
0 0.4863636363636364 0.4197080291970803 0.023636363636363636 0.031630170316301706
0 0.5136363636363637 0.4306569343065693 0.02 0.0340632603406326
0 0.5363636363636364 0.4659367396593674 0.03272727272727273 0.046228710462287104
0 0.5509090909090909 0.4343065693430657 0.025454545454545455 0.031630170316301706
0 0.5872727272727273 0.4659367396593674 0.02909090909090909 0.0413625304136253
0 0.6118181818181818 0.5267639902676399 0.045454545454545456 0.06569343065693431
0 0.5445454545454546 0.5717761557177615 0.056363636363636366 0.0827250608272506
0 0.6472727272727272 0.6581508515815085 0.06545454545454546 0.0948905109489051
0 0.7118181818181818 0.6021897810218978 0.06 0.0948905109489051
0 0.6127272727272727 0.45255474452554745 0.02909090909090909 0.043795620437956206
0 0.6345454545454545 0.4391727493917275 0.025454545454545455 0.0413625304136253
0 0.6990909090909091 0.46228710462287104 0.02727272727272727 0.04866180048661801
0 0.7109090909090909 0.451338199513382 0.02909090909090909 0.0413625304136253
0 0.7463636363636363 0.44282238442822386 0.023636363636363636 0.043795620437956206
0 0.7581818181818182 0.5036496350364964 0.04363636363636364 0.0535279805352798
0 0.8027272727272727 0.49635036496350365 0.034545454545454546 0.0535279805352798
0 0.8227272727272728 0.46958637469586373 0.03090909090909091 0.0535279805352798
0 0.8790909090909091 0.45742092457420924 0.03090909090909091 0.04866180048661801
0 0.9345454545454546 0.5109489051094891 0.05090909090909091 0.0535279805352798
0 0.9418181818181818 0.4854014598540146 0.03272727272727273 0.046228710462287104
