0 0.06755514705882353 0.45669934640522875 0.043198529411764705 0.07352941176470588
0 0.12714460784313725 0.5786356209150327 0.04411764705882353 0.06658496732026144
0 0.1012561274509804 0.5788398692810458 0.02849264705882353 0.058823529411764705
0 0.07659313725490197 0.5716911764705882 0.03431372549019608 0.0625
0 0.11473651960784313 0.6384803921568627 0.05667892156862745 0.0784313725490196
0 0.15165441176470587 0.6907679738562091 0.06801470588235294 0.08741830065359477
0 0.20098039215686275 0.7685866013071896 0.09926470588235294 0.13766339869281047
0 0.17815563725490197 0.9158496732026143 0.14491421568627452 0.16748366013071894
0 0.49234068627450983 0.8941993464052288 0.11580882352941177 0.1772875816993464
0 0.37254901960784315 0.7107843137254902 0.08517156862745098 0.12581699346405228
0 0.2965686274509804 0.6754493464052288 0.06801470588235294 0.09681372549019608
0 0.24662990196078433 0.6413398692810458 0.04840686274509804 0.07679738562091504
0 0.22763480392156862 0.5968137254901961 0.037377450980392156 0.058823529411764705
0 0.20404411764705882 0.5674019607843137 0.03799019607843137 0.06372549019607843
0 0.21369485294117646 0.528390522875817 0.03216911764705882 0.04370915032679738
0 0.25597426470588236 0.5345179738562091 0.02542892156862745 0.03799019607843137
0 0.2653186274509804 0.5549428104575164 0.026348039215686275 0.0428921568627451
0 0.29105392156862747 0.5643382352941176 0.037377450980392156 0.061683006535947715
0 0.34941789215686275 0.5618872549019608 0.04197303921568627 0.07475490196078431
0 0.42172181372549017 0.5622957516339869 0.0389093137254902 0.05759803921568627
0 0.47441789215686275 0.5837418300653595 0.03952205882352941 0.06862745098039216
0 0.4603247549019608 0.5140931372549019 0.029105392156862746 0.046977124183006536
0 0.5075061274509803 0.5422794117647058 0.03829656862745098 0.05759803921568627
0 0.5200674019607843 0.6006944444444444 0.05177696078431373 0.06658496732026144
0 0.5537683823529411 0.5647467320261438 0.0352328431372549 0.05269607843137255
0 0.5626531862745098 0.5224673202614379 0.026041666666666668 0.049836601307189546
0 0.6306678921568627 0.5408496732026143 0.04136029411764706 0.05473856209150327
0 0.6348039215686274 0.5878267973856209 0.041666666666666664 0.058823529411764705
0 0.6225490196078431 0.6184640522875817 0.0545343137254902 0.07679738562091504
0 0.7719056372549019 0.6883169934640523 0.08118872549019608 0.10294117647058823
0 0.7426470588235294 0.6055964052287581 0.0545343137254902 0.08455882352941177
0 0.7400428921568627 0.5443218954248366 0.035845588235294115 0.051879084967320264
0 0.7349877450980392 0.5159313725490197 0.02696078431372549 0.04656862745098039
0 0.6890318627450981 0.5332924836601307 0.030637254901960783 0.04370915032679738
0 0.6750919117647058 0.5134803921568627 0.022365196078431373 0.03594771241830065
0 0.6590073529411765 0.5484068627450981 0.024509803921568627 0.03390522875816993
0 0.7746629901960784 0.5318627450980392 0.02542892156862745 0.049019607843137254
0 0.7622549019607843 0.5065359477124183 0.02022058823529412 0.03758169934640523
0 0.7958026960784313 0.5659722222222222 0.03216911764705882 0.056781045751633986
0 0.8074448529411765 0.5477941176470589 0.02971813725490196 0.04656862745098039
0 0.8344056372549019 0.5140931372549019 0.02849264705882353 0.05269607843137255
0 0.8560049019607843 0.528390522875817 0.03125 0.051879084967320264
0 0.8877144607843137 0.5663807189542484 0.033394607843137254 0.061683006535947715
0 0.8993566176470589 0.5269607843137255 0.03278186274509804 0.04493464052287582
0 0.9456188725490197 0.5433006535947712 0.03278186274509804 0.05800653594771242
0 0.9235600490196079 0.5890522875816994 0.04258578431372549 0.06781045751633986
0 0.9128370098039216 0.6474673202614379 0.06587009803921569 0.0988562091503268
0 0.9699754901960784 0.7700163398692811 0.058823529411764705 0.14624183006535948
