0 0.09304703476482618 0.3533724340175953 0.06748466257668712 0.10850439882697947
0 0.2034764826175869 0.23460410557184752 0.1738241308793456 0.2697947214076246
0 0.3098159509202454 0.25513196480938416 0.04294478527607362 0.07624633431085044
0 0.3834355828220859 0.22140762463343108 0.05112474437627812 0.06744868035190615
0 0.40081799591002043 0.3064516129032258 0.049079754601226995 0.07917888563049853
0 0.46932515337423314 0.2785923753665689 0.09611451942740286 0.17008797653958943
0 0.5378323108384458 0.250733137829912 0.044989775051124746 0.06744868035190615
0 0.647239263803681 0.3313782991202346 0.14519427402862986 0.2287390029325513
0 0.7167689161554193 0.25219941348973607 0.03885480572597137 0.07038123167155426
0 0.7668711656441718 0.34750733137829914 0.0408997955010225 0.07917888563049853
0 0.8006134969325154 0.2434017595307918 0.03067484662576687 0.06451612903225806
0 0.8609406952965235 0.3255131964809384 0.0408997955010225 0.06451612903225806
0 0.9325153374233128 0.3343108504398827 0.06952965235173825 0.11143695014662756
