0 0.28125 0.2510460251046025 0.0325 0.07531380753138076
0 0.365 0.2615062761506276 0.035 0.06694560669456066
0 0.11125 0.41736401673640167 0.06 0.09832635983263599
0 0.138125 0.47489539748953974 0.05875 0.11297071129707113
0 0.245 0.4811715481171548 0.0825 0.13389121338912133
0 0.31625 0.4801255230125523 0.0625 0.09832635983263599
0 0.36 0.6140167364016736 0.1075 0.1903765690376569
0 0.4 0.4476987447698745 0.0475 0.08786610878661087
0 0.47125 0.5303347280334728 0.0575 0.13598326359832635
0 0.47 0.4790794979079498 0.05 0.09205020920502092
0 0.521875 0.4424686192468619 0.04875 0.08577405857740586
0 0.610625 0.5177824267782427 0.07125 0.11506276150627615
0 0.59375 0.4686192468619247 0.06 0.08786610878661087
0 0.6175 0.4246861924686193 0.045 0.07531380753138076
0 0.681875 0.44037656903765693 0.03125 0.06903765690376569
0 0.685625 0.5993723849372385 0.09375 0.16527196652719664
0 0.765 0.5209205020920502 0.07 0.12552301255230125
0 0.833125 0.4665271966527197 0.03125 0.06694560669456066
0 0.85875 0.497907949790795 0.0475 0.10460251046025104
0 0.906875 0.5418410041841004 0.08375 0.16317991631799164
0 0.91 0.446652719665272 0.035 0.06903765690376569
0 0.968125 0.4989539748953975 0.04875 0.09832635983263599
0 0.9875 0.44142259414225943 0.0225 0.04602510460251046
