0 0.121 0.29393939393939394 0.066 0.12121212121212122
0 0.186 0.3515151515151515 0.052 0.08484848484848485
0 0.282 0.32727272727272727 0.072 0.12121212121212122
0 0.327 0.37727272727272726 0.042 0.08787878787878788
0 0.393 0.3696969696969697 0.054 0.09090909090909091
0 0.427 0.40606060606060607 0.046 0.06666666666666667
0 0.447 0.3787878787878788 0.03 0.05454545454545454
0 0.541 0.38333333333333336 0.046 0.07575757575757576
0 0.615 0.36363636363636365 0.046 0.07878787878787878
0 0.709 0.3893939393939394 0.034 0.0696969696969697
0 0.938 0.3712121212121212 0.104 0.16666666666666666
