0 0.06 0.449438202247191 0.0475 0.07865168539325842
0 0.24875 0.47659176029962547 0.015 0.028089887640449437
0 0.2925 0.44756554307116103 0.015 0.02247191011235955
0 0.30375 0.5074906367041199 0.02 0.033707865168539325
0 0.295 0.5102996254681648 0.01 0.020599250936329586
0 0.329375 0.5084269662921348 0.01875 0.031835205992509365
0 0.326875 0.46722846441947563 0.01625 0.031835205992509365
0 0.35125 0.5121722846441947 0.0175 0.035580524344569285
0 0.369375 0.5224719101123596 0.02375 0.04119850187265917
0 0.39125 0.5028089887640449 0.0175 0.035580524344569285
0 0.414375 0.5028089887640449 0.02125 0.04307116104868914
0 0.434375 0.5037453183520599 0.01625 0.0299625468164794
0 0.45125 0.5065543071161048 0.0225 0.04307116104868914
0 0.48625 0.50187265917603 0.0225 0.03745318352059925
0 0.51125 0.5252808988764045 0.03 0.04681647940074907
0 0.560625 0.5084269662921348 0.01625 0.035580524344569285
0 0.578125 0.5149812734082397 0.02625 0.052434456928838954
0 0.61125 0.548689138576779 0.03 0.04868913857677903
0 0.648125 0.5337078651685393 0.03625 0.056179775280898875
0 0.640625 0.4953183520599251 0.02125 0.03932584269662921
0 0.669375 0.5131086142322098 0.02625 0.04119850187265917
0 0.69125 0.5009363295880149 0.0225 0.05056179775280899
0 0.740625 0.5252808988764045 0.04375 0.06928838951310862
0 0.723125 0.5046816479400749 0.02375 0.04307116104868914
0 0.785625 0.49812734082397003 0.02875 0.052434456928838954
0 0.824375 0.5627340823970037 0.04375 0.08426966292134831
0 0.879375 0.5608614232209738 0.04875 0.08426966292134831
0 0.953125 0.549625468164794 0.04125 0.06179775280898876
0 0.971875 0.5205992509363296 0.04125 0.056179775280898875
0 0.92625 0.41947565543071164 0.0275 0.04119850187265917
0 0.906875 0.4250936329588015 0.02125 0.033707865168539325
0 0.855 0.5168539325842697 0.035 0.06367041198501873
0 0.805625 0.4400749063670412 0.01875 0.0299625468164794
0 0.839375 0.42790262172284643 0.02375 0.035580524344569285
0 0.786875 0.44662921348314605 0.01875 0.031835205992509365
0 0.755 0.43913857677902624 0.0325 0.05056179775280899
0 0.67 0.43352059925093633 0.0175 0.031835205992509365
0 0.649375 0.44662921348314605 0.01625 0.028089887640449437
0 0.618125 0.44288389513108617 0.01375 0.024344569288389514
0 0.603125 0.44662921348314605 0.01375 0.024344569288389514
0 0.58125 0.44756554307116103 0.015 0.02247191011235955
0 0.566875 0.450374531835206 0.01875 0.028089887640449437
0 0.523125 0.45318352059925093 0.01125 0.02247191011235955
0 0.521875 0.4363295880149813 0.01375 0.018726591760299626
0 0.49 0.46441947565543074 0.01 0.018726591760299626
0 0.454375 0.46629213483146065 0.01375 0.026217228464419477
0 0.46 0.450374531835206 0.015 0.031835205992509365
0 0.424375 0.44662921348314605 0.01125 0.024344569288389514
0 0.405 0.46722846441947563 0.0125 0.020599250936329586
0 0.37 0.46254681647940077 0.01 0.02247191011235955
