0 0.06328125 0.4 0.0828125 0.11666666666666667
0 0.178125 0.3770833333333333 0.071875 0.1125
0 0.2796875 0.396875 0.071875 0.11041666666666666
0 0.36875 0.43125 0.065625 0.09166666666666666
0 0.44296875 0.421875 0.0609375 0.10208333333333333
0 0.51171875 0.42291666666666666 0.0578125 0.09166666666666666
0 0.62734375 0.37604166666666666 0.0765625 0.11041666666666666
0 0.70546875 0.34270833333333334 0.0828125 0.13541666666666666
0 0.8390625 0.378125 0.084375 0.12291666666666666
0 0.93515625 0.38229166666666664 0.0921875 0.14791666666666667
