0 0.17666666666666667 0.21553884711779447 0.06666666666666667 0.10025062656641603
0 0.4691666666666667 0.37844611528822053 0.03166666666666667 0.05012531328320802
0 0.49416666666666664 0.37719298245614036 0.035 0.05764411027568922
0 0.525 0.41102756892230574 0.04 0.06516290726817042
0 0.5583333333333333 0.45614035087719296 0.04 0.07518796992481203
0 0.6116666666666667 0.4849624060150376 0.05333333333333334 0.08270676691729323
0 0.6675 0.543859649122807 0.06166666666666667 0.09523809523809523
0 0.6191666666666666 0.35714285714285715 0.028333333333333332 0.047619047619047616
0 0.6716666666666666 0.36215538847117795 0.03 0.05263157894736842
0 0.69 0.39849624060150374 0.02666666666666667 0.06516290726817042
0 0.7133333333333334 0.40601503759398494 0.04 0.07518796992481203
0 0.725 0.3358395989974937 0.02666666666666667 0.045112781954887216
0 0.7583333333333333 0.35213032581453635 0.03 0.06265664160401002
0 0.81 0.45363408521303256 0.05 0.07518796992481203
0 0.8258333333333333 0.6416040100250626 0.09166666666666666 0.14035087719298245
0 0.885 0.5325814536340853 0.06 0.10275689223057644
0 0.85 0.37468671679197996 0.04 0.06265664160401002
0 0.9175 0.40476190476190477 0.041666666666666664 0.06265664160401002
0 0.9808333333333333 0.4298245614035088 0.03166666666666667 0.07268170426065163
0 0.9816666666666667 0.3684210526315789 0.03333333333333333 0.05513784461152882
