0 0.09916666666666667 0.5 0.075 0.12060301507537688
0 0.14333333333333334 0.46984924623115576 0.05 0.08542713567839195
0 0.09916666666666667 0.3957286432160804 0.035 0.052763819095477386
0 0.025 0.39321608040201006 0.03 0.04271356783919598
0 0.14583333333333334 0.3869346733668342 0.025 0.04020100502512563
0 0.18916666666666668 0.3768844221105528 0.025 0.035175879396984924
0 0.24666666666666667 0.3756281407035176 0.02666666666666667 0.04271356783919598
0 0.2841666666666667 0.3743718592964824 0.025 0.04522613065326633
0 0.2733333333333333 0.43090452261306533 0.043333333333333335 0.07788944723618091
0 0.31583333333333335 0.4321608040201005 0.035 0.06030150753768844
0 0.31333333333333335 0.37814070351758794 0.02 0.03768844221105527
0 0.3441666666666667 0.36432160804020103 0.021666666666666667 0.035175879396984924
0 0.3616666666666667 0.36683417085427134 0.016666666666666666 0.04020100502512563
0 0.385 0.3542713567839196 0.016666666666666666 0.035175879396984924
0 0.38416666666666666 0.41959798994974873 0.03166666666666667 0.05527638190954774
0 0.4575 0.41457286432160806 0.025 0.05527638190954774
0 0.5066666666666667 0.4108040201005025 0.03333333333333333 0.052763819095477386
0 0.5391666666666667 0.38944723618090454 0.021666666666666667 0.04020100502512563
0 0.5725 0.3756281407035176 0.018333333333333333 0.03768844221105527
0 0.5858333333333333 0.38944723618090454 0.021666666666666667 0.04020100502512563
0 0.6375 0.3706030150753769 0.021666666666666667 0.03768844221105527
0 0.705 0.3743718592964824 0.02666666666666667 0.035175879396984924
0 0.7591666666666667 0.38316582914572866 0.018333333333333333 0.032663316582914576
0 0.4625 0.5917085427135679 0.115 0.17336683417085427
0 0.6458333333333334 0.5238693467336684 0.07833333333333334 0.14321608040201006
0 0.8383333333333334 0.4899497487437186 0.056666666666666664 0.10552763819095477
0 0.8908333333333334 0.4623115577889447 0.045 0.07035175879396985
0 0.8816666666666667 0.4258793969849246 0.03666666666666667 0.05778894472361809
0 0.8583333333333333 0.40703517587939697 0.03 0.05025125628140704
0 0.8616666666666667 0.38190954773869346 0.023333333333333334 0.04020100502512563
0 0.8266666666666667 0.38819095477386933 0.02666666666666667 0.04271356783919598
0 0.7983333333333333 0.3844221105527638 0.023333333333333334 0.04020100502512563
