0 0.03333333333333333 0.6045454545454545 0.04242424242424243 0.07272727272727272
0 0.10757575757575757 0.7113636363636363 0.08181818181818182 0.1318181818181818
0 0.16818181818181818 0.884090909090909 0.09393939393939393 0.12272727272727273
0 0.2015151515151515 0.6568181818181819 0.05757575757575758 0.09545454545454546
0 0.24545454545454545 0.75 0.07272727272727272 0.11818181818181818
0 0.30454545454545456 0.8136363636363636 0.1 0.16363636363636364
0 0.29393939393939394 0.675 0.06666666666666667 0.10454545454545454
0 0.3878787878787879 0.6136363636363636 0.048484848484848485 0.07272727272727272
0 0.4121212121212121 0.7227272727272728 0.07878787878787878 0.14545454545454545
0 0.43787878787878787 0.6477272727272727 0.06363636363636363 0.10454545454545454
0 0.47424242424242424 0.625 0.03939393939393939 0.06818181818181818
0 0.556060606060606 0.6227272727272727 0.03939393939393939 0.09090909090909091
0 0.5045454545454545 0.425 0.03939393939393939 0.07727272727272727
0 0.5893939393939394 0.65 0.051515151515151514 0.09090909090909091
0 0.5924242424242424 0.7386363636363636 0.07575757575757576 0.12272727272727273
0 0.6666666666666666 0.6181818181818182 0.05454545454545454 0.09090909090909091
0 0.7257575757575757 0.6568181818181819 0.06363636363636363 0.1318181818181818
0 0.7984848484848485 0.6090909090909091 0.051515151515151514 0.09090909090909091
0 0.8393939393939394 0.6681818181818182 0.05454545454545454 0.09090909090909091
0 0.9212121212121213 0.634090909090909 0.048484848484848485 0.07727272727272727
