0 0.05277777777777778 0.3333333333333333 0.06944444444444445 0.10833333333333334
0 0.13402777777777777 0.5114583333333333 0.12916666666666668 0.21458333333333332
0 0.2604166666666667 0.46875 0.10138888888888889 0.18333333333333332
0 0.2125 0.33229166666666665 0.058333333333333334 0.09791666666666667
0 0.3597222222222222 0.3625 0.06388888888888888 0.1
0 0.4486111111111111 0.43645833333333334 0.09444444444444444 0.14791666666666667
0 0.6284722222222222 0.3541666666666667 0.05694444444444444 0.1125
0 0.6013888888888889 0.340625 0.05 0.09375
0 0.7819444444444444 0.325 0.05 0.0875
0 0.8069444444444445 0.4583333333333333 0.08611111111111111 0.16666666666666666
0 0.8972222222222223 0.5145833333333333 0.12222222222222222 0.225
0 0.9506944444444444 0.41770833333333335 0.09027777777777778 0.14791666666666667
