0 0.085 0.550185873605948 0.15 0.23048327137546468
0 0.17875 0.4516728624535316 0.1325 0.17472118959107807
0 0.4325 0.41821561338289964 0.07 0.10780669144981413
0 0.495 0.42936802973977695 0.095 0.137546468401487
0 0.50375 0.25650557620817843 0.0525 0.08921933085501858
0 0.6125 0.516728624535316 0.095 0.15613382899628253
0 0.7375 0.5390334572490706 0.17 0.275092936802974
0 0.79875 0.395910780669145 0.0475 0.08550185873605948
0 0.83375 0.39776951672862454 0.0425 0.07434944237918216
0 0.90125 0.4423791821561338 0.0825 0.13382899628252787
0 0.945 0.40148698884758366 0.055 0.08921933085501858
