0 0.019852262234533704 0.5214681440443213 0.024930747922437674 0.037396121883656507
0 0.02123730378578024 0.4889196675900277 0.02585410895660203 0.038781163434903045
0 0.06371191135734072 0.5692520775623269 0.0443213296398892 0.07202216066481995
0 0.13619575253924285 0.590027700831025 0.04524469067405355 0.07202216066481995
0 0.11449676823638043 0.5 0.024007386888273315 0.036011080332409975
0 0.1394275161588181 0.5055401662049861 0.020313942751615882 0.036011080332409975
0 0.1611265004616805 0.5235457063711911 0.019390581717451522 0.036011080332409975
0 0.1657433056325023 0.502770083102493 0.02123730378578024 0.024930747922437674
0 0.17405355493998154 0.4709141274238227 0.017543859649122806 0.0332409972299169
0 0.19759926131117267 0.5373961218836565 0.0332409972299169 0.05263157894736842
0 0.2211449676823638 0.5186980609418282 0.023084025854108958 0.04016620498614958
0 0.21929824561403508 0.48961218836565096 0.023084025854108958 0.03185595567867036
0 0.25715604801477376 0.5110803324099723 0.023084025854108958 0.04155124653739612
0 0.24653739612188366 0.567174515235457 0.038781163434903045 0.062326869806094184
0 0.29593721144967683 0.6308864265927978 0.048938134810710986 0.08725761772853186
0 0.3462603878116344 0.6080332409972299 0.04986149584487535 0.08310249307479224
0 0.3060941828254848 0.5304709141274239 0.02677746999076639 0.05263157894736842
0 0.2950138504155125 0.49445983379501385 0.02123730378578024 0.0332409972299169
0 0.327331486611265 0.4986149584487535 0.019390581717451522 0.038781163434903045
0 0.3481071098799631 0.5200831024930748 0.024007386888273315 0.04293628808864266
0 0.37303785780240073 0.4840720221606648 0.018467220683287166 0.03462603878116344
0 0.39473684210526316 0.5547091412742382 0.030470914127423823 0.05124653739612189
0 0.415050784856879 0.5872576177285319 0.03970452446906741 0.06925207756232687
0 0.4275161588180979 0.5484764542936288 0.024007386888273315 0.04709141274238227
0 0.45060018467220686 0.4916897506925208 0.01662049861495845 0.0332409972299169
0 0.4792243767313019 0.5020775623268698 0.018467220683287166 0.04016620498614958
0 0.5018467220683287 0.48614958448753465 0.01569713758079409 0.0332409972299169
0 0.49630655586334255 0.53601108033241 0.02677746999076639 0.04986149584487535
0 0.5586334256694367 0.5782548476454293 0.03139427516158818 0.05955678670360111
0 0.5664819944598338 0.5110803324099723 0.02123730378578024 0.038781163434903045
0 0.5867959372114496 0.5020775623268698 0.02123730378578024 0.045706371191135735
0 0.6066481994459834 0.5429362880886427 0.029547553093259463 0.05263157894736842
0 0.6560480147737765 0.5297783933518005 0.023084025854108958 0.037396121883656507
0 0.6292705447830101 0.5554016620498615 0.02123730378578024 0.0443213296398892
0 0.698522622345337 0.5207756232686981 0.019390581717451522 0.0332409972299169
0 0.7996306555863343 0.53601108033241 0.029547553093259463 0.04986149584487535
0 0.8928901200369345 0.5588642659279779 0.027700831024930747 0.04293628808864266
0 0.788550323176362 0.7991689750692521 0.16620498614958448 0.27977839335180055
