0 0.10625 0.5458333333333333 0.0375 0.05
0 0.11597222222222223 0.5895833333333333 0.04027777777777778 0.0625
0 0.16666666666666666 0.65625 0.075 0.10833333333333334
0 0.275 0.5645833333333333 0.03888888888888889 0.05416666666666667
0 0.25555555555555554 0.5552083333333333 0.030555555555555555 0.05625
0 0.3236111111111111 0.609375 0.04722222222222222 0.07291666666666667
0 0.3819444444444444 0.6333333333333333 0.05277777777777778 0.08333333333333333
0 0.44930555555555557 0.675 0.06805555555555555 0.10833333333333334
0 0.40555555555555556 0.546875 0.030555555555555555 0.05625
0 0.42777777777777776 0.5614583333333333 0.030555555555555555 0.052083333333333336
0 0.46805555555555556 0.5510416666666667 0.03333333333333333 0.06041666666666667
0 0.51875 0.5510416666666667 0.02638888888888889 0.05625
0 0.5395833333333333 0.48333333333333334 0.02638888888888889 0.04583333333333333
0 0.5451388888888888 0.55 0.02638888888888889 0.05
0 0.5722222222222222 0.5833333333333334 0.041666666666666664 0.07083333333333333
0 0.61875 0.5510416666666667 0.029166666666666667 0.05625
0 0.6611111111111111 0.5864583333333333 0.03888888888888889 0.07708333333333334
0 0.65625 0.5364583333333334 0.020833333333333332 0.04375
0 0.6902777777777778 0.553125 0.030555555555555555 0.05625
0 0.7277777777777777 0.5229166666666667 0.03333333333333333 0.058333333333333334
0 0.7291666666666666 0.6114583333333333 0.058333333333333334 0.09791666666666667
0 0.7444444444444445 0.5833333333333334 0.03611111111111111 0.075
0 0.7847222222222222 0.54375 0.025 0.05
0 0.8180555555555555 0.5854166666666667 0.03888888888888889 0.075
0 0.8243055555555555 0.54375 0.02638888888888889 0.05
0 0.8416666666666667 0.528125 0.025 0.04375
0 0.8895833333333333 0.6166666666666667 0.043055555555555555 0.07083333333333333
0 0.8770833333333333 0.575 0.02638888888888889 0.05
0 0.8875 0.540625 0.022222222222222223 0.03958333333333333
0 0.90625 0.5197916666666667 0.018055555555555554 0.035416666666666666
0 0.9458333333333333 0.5697916666666667 0.03888888888888889 0.06875
0 0.95625 0.5354166666666667 0.020833333333333332 0.05
0 0.98125 0.5677083333333334 0.02638888888888889 0.05625
