0 0.04771371769383698 0.4700996677740864 0.08349900596421471 0.16943521594684385
0 0.13021868787276342 0.37375415282392027 0.073558648111332 0.16279069767441862
0 0.2216699801192843 0.2541528239202658 0.073558648111332 0.14950166112956811
0 0.3489065606361829 0.48006644518272423 0.10139165009940358 0.19601328903654486
0 0.3588469184890656 0.31893687707641194 0.06958250497017893 0.132890365448505
0 0.44831013916500995 0.5132890365448505 0.0775347912524851 0.14950166112956811
0 0.5417495029821073 0.34053156146179403 0.06560636182902585 0.1362126245847176
0 0.610337972166998 0.3521594684385382 0.05964214711729622 0.11960132890365449
0 0.6769383697813122 0.27906976744186046 0.08548707753479125 0.15946843853820597
0 0.6222664015904572 0.5946843853820598 0.1073558648111332 0.17940199335548174
0 0.7027833001988072 0.4867109634551495 0.08946322067594434 0.1760797342192691
0 0.8489065606361829 0.5182724252491694 0.07554671968190854 0.15282392026578073
0 0.9333996023856859 0.44518272425249167 0.12922465208747516 0.4983388704318937
