0 0.11666666666666667 0.6816666666666666 0.10222222222222223 0.16
0 0.27 0.7866666666666666 0.16 0.29333333333333333
0 0.26222222222222225 0.6525 0.09555555555555556 0.165
0 0.43277777777777776 0.3675 0.056666666666666664 0.09833333333333333
0 0.46444444444444444 0.8025 0.12 0.19166666666666668
0 0.6288888888888889 0.6775 0.08444444444444445 0.13833333333333334
0 0.6744444444444444 0.6258333333333334 0.06888888888888889 0.12166666666666667
0 0.7272222222222222 0.8366666666666667 0.16111111111111112 0.2633333333333333
0 0.815 0.7341666666666666 0.12333333333333334 0.20166666666666666
0 0.8727777777777778 0.6816666666666666 0.09666666666666666 0.16
0 0.7905555555555556 0.42083333333333334 0.08333333333333333 0.135
