0 0.07058823529411765 0.6193181818181818 0.06470588235294118 0.1159090909090909
0 0.21838235294117647 0.5625 0.045588235294117645 0.08863636363636364
0 0.2514705882352941 0.6170454545454546 0.06470588235294118 0.11136363636363636
0 0.30514705882352944 0.5431818181818182 0.051470588235294115 0.09545454545454546
0 0.2691176470588235 0.4954545454545455 0.03823529411764706 0.06818181818181818
0 0.24558823529411763 0.5295454545454545 0.03823529411764706 0.06363636363636363
0 0.3897058823529412 0.5204545454545455 0.04411764705882353 0.06818181818181818
0 0.5191176470588236 0.5136363636363637 0.03529411764705882 0.05454545454545454
0 0.5375 0.5659090909090909 0.04264705882352941 0.08181818181818182
0 0.575735294117647 0.5818181818181818 0.057352941176470586 0.10454545454545454
0 0.5154411764705882 0.48522727272727273 0.030882352941176472 0.05227272727272727
0 0.5720588235294117 0.4863636363636364 0.03529411764705882 0.05909090909090909
0 0.6095588235294118 0.5 0.03676470588235294 0.07272727272727272
0 0.6647058823529411 0.5590909090909091 0.047058823529411764 0.09545454545454546
0 0.7088235294117647 0.6056818181818182 0.05588235294117647 0.10227272727272728
0 0.7683823529411765 0.49204545454545456 0.033823529411764704 0.06136363636363636
0 0.8588235294117647 0.5443181818181818 0.041176470588235294 0.07954545454545454
0 0.888235294117647 0.49886363636363634 0.041176470588235294 0.07954545454545454
0 0.9742647058823529 0.575 0.04852941176470588 0.10454545454545454
0 0.975 0.5193181818181818 0.041176470588235294 0.075
