0 0.13645833333333332 0.71580547112462 0.12083333333333333 0.1641337386018237
0 0.20625 0.6033434650455927 0.075 0.13677811550151975
0 0.14427083333333332 0.5303951367781155 0.051041666666666666 0.08206686930091185
0 0.09010416666666667 0.5212765957446809 0.046875 0.0729483282674772
0 0.23385416666666667 0.5030395136778115 0.042708333333333334 0.06382978723404255
0 0.346875 0.36930091185410335 0.0375 0.057750759878419454
0 0.30572916666666666 0.5805471124620061 0.059375 0.0911854103343465
0 0.340625 0.7013677811550152 0.09583333333333334 0.1413373860182371
0 0.4390625 0.6580547112462006 0.08854166666666667 0.1458966565349544
0 0.38125 0.5372340425531915 0.04791666666666667 0.09878419452887538
0 0.42135416666666664 0.5106382978723404 0.034375 0.06990881458966565
0 0.4869791666666667 0.5683890577507599 0.051041666666666666 0.0911854103343465
0 0.5177083333333333 0.5630699088145896 0.05625 0.10790273556231003
0 0.55 0.5022796352583586 0.04375 0.06838905775075987
0 0.5770833333333333 0.7150455927051672 0.10625 0.17477203647416414
0 0.6348958333333333 0.5904255319148937 0.078125 0.135258358662614
0 0.6723958333333333 0.541033434650456 0.059375 0.08814589665653495
0 0.6489583333333333 0.5015197568389058 0.04583333333333333 0.057750759878419454
0 0.8890625 0.729483282674772 0.11979166666666667 0.21580547112462006
0 0.8442708333333333 0.6170212765957447 0.07604166666666666 0.1276595744680851
0 0.8203125 0.5904255319148937 0.04895833333333333 0.09878419452887538
0 0.796875 0.5334346504559271 0.05416666666666667 0.06990881458966565
0 0.7760416666666666 0.5106382978723404 0.03958333333333333 0.06382978723404255
