0 0.047 0.296969696969697 0.03 0.05454545454545454
0 0.026 0.3303030303030303 0.04 0.06666666666666667
0 0.094 0.39090909090909093 0.056 0.09090909090909091
0 0.154 0.34393939393939393 0.052 0.08787878787878788
0 0.201 0.30606060606060603 0.038 0.06060606060606061
0 0.226 0.25606060606060604 0.028 0.051515151515151514
0 0.21 0.5318181818181819 0.088 0.1303030303030303
0 0.143 0.7727272727272727 0.126 0.16363636363636364
0 0.334 0.4 0.06 0.10303030303030303
0 0.517 0.5075757575757576 0.082 0.15454545454545454
0 0.52 0.3924242424242424 0.056 0.1
0 0.547 0.3303030303030303 0.046 0.07878787878787878
0 0.488 0.29848484848484846 0.032 0.05757575757575758
0 0.425 0.26666666666666666 0.026 0.048484848484848485
0 0.377 0.31363636363636366 0.038 0.06363636363636363
0 0.333 0.3196969696969697 0.042 0.07575757575757576
0 0.276 0.3196969696969697 0.04 0.06363636363636363
0 0.286 0.26515151515151514 0.032 0.051515151515151514
0 0.305 0.23636363636363636 0.03 0.05454545454545454
0 0.341 0.24696969696969698 0.03 0.045454545454545456
0 0.663 0.31212121212121213 0.038 0.06060606060606061
0 0.712 0.3424242424242424 0.04 0.07878787878787878
0 0.797 0.4287878787878788 0.05 0.08181818181818182
0 0.913 0.49393939393939396 0.078 0.14545454545454545
0 0.909 0.37575757575757573 0.054 0.06666666666666667
0 0.767 0.1621212121212121 0.038 0.05757575757575758
