0 0.049663299663299666 0.3248106060606061 0.03156565656565657 0.056818181818181816
0 0.07323232323232323 0.32386363636363635 0.03367003367003367 0.050505050505050504
0 0.15488215488215487 0.33112373737373735 0.027356902356902357 0.04861111111111111
0 0.2117003367003367 0.3363320707070707 0.02441077441077441 0.04198232323232323
0 0.2103324915824916 0.31123737373737376 0.017466329966329967 0.03156565656565657
0 0.2359006734006734 0.31123737373737376 0.01978114478114478 0.03787878787878788
0 0.2614688552188552 0.3227588383838384 0.02462121212121212 0.04640151515151515
0 0.2993476430976431 0.36695075757575757 0.041456228956228955 0.07796717171717171
0 0.3039772727272727 0.30997474747474746 0.02798821548821549 0.04419191919191919
0 0.2835648148148148 0.30855429292929293 0.018308080808080808 0.036931818181818184
0 0.31660353535353536 0.3031881313131313 0.018308080808080808 0.036931818181818184
0 0.3477483164983165 0.29797979797979796 0.021675084175084174 0.039141414141414144
0 0.36879208754208753 0.38478535353535354 0.045664983164983165 0.08396464646464646
0 0.3835227272727273 0.3121843434343434 0.02462121212121212 0.03787878787878788
0 0.41087962962962965 0.31171085858585856 0.020412457912457913 0.043244949494949496
0 0.4273989898989899 0.3216540404040404 0.029461279461279462 0.056818181818181816
0 0.4537037037037037 0.31328914141414144 0.027356902356902357 0.054608585858585856
0 0.4652777777777778 0.3315972222222222 0.026515151515151516 0.05587121212121212
0 0.4971590909090909 0.352114898989899 0.05829124579124579 0.09059343434343434
0 0.5560816498316499 0.3453282828282828 0.03851010101010101 0.08333333333333333
0 0.49505471380471383 0.2959280303030303 0.016203703703703703 0.026199494949494948
0 0.5070496632996633 0.30113636363636365 0.016203703703703703 0.036616161616161616
0 0.5613425925925926 0.2569444444444444 0.02251683501683502 0.04924242424242424
0 0.5873316498316499 0.234375 0.026515151515151516 0.054608585858585856
0 0.6217382154882155 0.32575757575757575 0.02798821548821549 0.061237373737373736
0 0.6385732323232324 0.30271464646464646 0.018308080808080808 0.0422979797979798
0 0.6665614478114478 0.30476641414141414 0.015361952861952861 0.03377525252525253
0 0.6599326599326599 0.2984532828282828 0.015993265993265993 0.027462121212121212
0 0.6869739057239057 0.31849747474747475 0.02251683501683502 0.04861111111111111
0 0.6904461279461279 0.2875631313131313 0.00968013468013468 0.015782828282828284
0 0.7038089225589226 0.29387626262626265 0.018308080808080808 0.034722222222222224
0 0.7153829966329966 0.34106691919191917 0.025883838383838384 0.06218434343434343
0 0.7510521885521886 0.34106691919191917 0.03998316498316498 0.08933080808080808
0 0.7763047138047138 0.3385416666666667 0.03156565656565657 0.059027777777777776
0 0.7964015151515151 0.32054924242424243 0.026725589225589225 0.054608585858585856
0 0.783354377104377 0.2585227272727273 0.020412457912457913 0.027146464646464648
0 0.803030303030303 0.2738320707070707 0.015993265993265993 0.032512626262626264
0 0.8153409090909091 0.3189709595959596 0.018308080808080808 0.036931818181818184
0 0.8191287878787878 0.29434974747474746 0.013257575757575758 0.03377525252525253
0 0.9005681818181818 0.3663194444444444 0.05408249158249158 0.09375
0 0.8798400673400674 0.3284406565656566 0.03787878787878788 0.06407828282828283
0 0.8591119528619529 0.3115530303030303 0.021675084175084174 0.041035353535353536
0 0.8643728956228957 0.2659406565656566 0.018308080808080808 0.029356060606060608
0 0.9050925925925926 0.2684659090909091 0.0180976430976431 0.036931818181818184
0 0.9187710437710438 0.31171085858585856 0.023148148148148147 0.043244949494949496
0 0.9332912457912458 0.26704545454545453 0.016835016835016835 0.029671717171717172
0 0.9507575757575758 0.31644570707070707 0.021043771043771045 0.04008838383838384
0 0.975273569023569 0.351010101010101 0.03935185185185185 0.07575757575757576
