0 0.8910891089108911 0.4845679012345679 0.039603960396039604 0.08641975308641975
0 0.7930693069306931 0.566358024691358 0.02574257425742574 0.046296296296296294
0 0.7485148514851485 0.5648148148148148 0.027722772277227723 0.043209876543209874
0 0.698019801980198 0.5570987654320988 0.02178217821782178 0.040123456790123455
0 0.6722772277227723 0.558641975308642 0.02178217821782178 0.043209876543209874
0 0.5702970297029702 0.5432098765432098 0.023762376237623763 0.037037037037037035
0 0.5336633663366337 0.5370370370370371 0.02178217821782178 0.037037037037037035
0 0.5148514851485149 0.5817901234567902 0.031683168316831684 0.05246913580246913
0 0.4861386138613861 0.5308641975308642 0.01782178217821782 0.030864197530864196
0 0.4762376237623762 0.5077160493827161 0.01782178217821782 0.033950617283950615
0 0.4643564356435644 0.5416666666666666 0.02178217821782178 0.040123456790123455
0 0.4277227722772277 0.5771604938271605 0.027722772277227723 0.037037037037037035
0 0.42277227722772276 0.5493827160493827 0.02574257425742574 0.037037037037037035
0 0.43465346534653465 0.5169753086419753 0.01782178217821782 0.027777777777777776
0 0.4069306930693069 0.5231481481481481 0.02178217821782178 0.033950617283950615
0 0.39702970297029705 0.49074074074074076 0.013861386138613862 0.024691358024691357
0 0.3722772277227723 0.5864197530864198 0.031683168316831684 0.06172839506172839
0 0.3425742574257426 0.5632716049382716 0.023762376237623763 0.046296296296296294
0 0.3326732673267327 0.5910493827160493 0.031683168316831684 0.046296296296296294
0 0.29504950495049503 0.5524691358024691 0.027722772277227723 0.04938271604938271
0 0.31287128712871287 0.5 0.019801980198019802 0.030864197530864196
0 0.2722772277227723 0.5231481481481481 0.02178217821782178 0.033950617283950615
0 0.26534653465346536 0.5030864197530864 0.015841584158415842 0.030864197530864196
0 0.2613861386138614 0.6095679012345679 0.05148514851485148 0.07098765432098765
0 0.23663366336633662 0.5679012345679012 0.02574257425742574 0.043209876543209874
0 0.22376237623762377 0.5462962962962963 0.023762376237623763 0.037037037037037035
0 0.22376237623762377 0.5123456790123457 0.019801980198019802 0.037037037037037035
0 0.19702970297029704 0.5154320987654321 0.02574257425742574 0.037037037037037035
0 0.17722772277227722 0.5154320987654321 0.01782178217821782 0.030864197530864196
0 0.18118811881188118 0.5 0.01782178217821782 0.030864197530864196
0 0.15445544554455445 0.5015432098765432 0.019801980198019802 0.027777777777777776
0 0.13366336633663367 0.49691358024691357 0.01782178217821782 0.037037037037037035
0 0.12475247524752475 0.5601851851851852 0.039603960396039604 0.06481481481481481
0 0.13465346534653466 0.5555555555555556 0.023762376237623763 0.05555555555555555
0 0.061386138613861385 0.558641975308642 0.031683168316831684 0.05555555555555555
0 0.06930693069306931 0.5324074074074074 0.019801980198019802 0.040123456790123455
0 0.07920792079207921 0.5200617283950617 0.019801980198019802 0.033950617283950615
0 0.08613861386138613 0.4984567901234568 0.01782178217821782 0.033950617283950615
0 0.05148514851485148 0.49537037037037035 0.023762376237623763 0.033950617283950615
0 0.028712871287128714 0.5339506172839507 0.01782178217821782 0.037037037037037035
0 0.027722772277227723 0.49537037037037035 0.019801980198019802 0.033950617283950615
