0 0.485 0.43993993993993996 0.018 0.03303303303303303
0 0.823 0.7612612612612613 0.106 0.17117117117117117
0 0.874 0.6786786786786787 0.072 0.10810810810810811
0 0.958 0.6246246246246246 0.052 0.1021021021021021
0 0.877 0.56006006006006 0.038 0.06306306306306306
0 0.861 0.5435435435435435 0.03 0.05405405405405406
0 0.78 0.5780780780780781 0.044 0.08108108108108109
0 0.756 0.5420420420420421 0.036 0.06306306306306306
0 0.73 0.6561561561561562 0.068 0.08708708708708708
0 0.703 0.5855855855855856 0.046 0.06006006006006006
0 0.672 0.56006006006006 0.036 0.05105105105105105
0 0.683 0.5420420420420421 0.034 0.06306306306306306
0 0.655 0.6036036036036037 0.05 0.08408408408408409
0 0.64 0.6501501501501501 0.048 0.08708708708708708
0 0.608 0.6771771771771772 0.072 0.1111111111111111
0 0.683 0.8828828828828829 0.186 0.22822822822822822
0 0.45 0.6966966966966966 0.08 0.13813813813813813
0 0.534 0.6066066066066066 0.052 0.08408408408408409
0 0.55 0.56006006006006 0.032 0.057057057057057055
0 0.603 0.545045045045045 0.03 0.04504504504504504
0 0.474 0.581081081081081 0.04 0.07507507507507508
0 0.501 0.5630630630630631 0.038 0.057057057057057055
0 0.516 0.5420420420420421 0.024 0.05105105105105105
0 0.428 0.5315315315315315 0.032 0.04804804804804805
0 0.415 0.6096096096096096 0.07 0.11411411411411411
0 0.369 0.6426426426426426 0.054 0.1021021021021021
0 0.355 0.5795795795795796 0.042 0.07807807807807808
0 0.368 0.545045045045045 0.032 0.05105105105105105
0 0.288 0.5375375375375375 0.04 0.07207207207207207
0 0.288 0.6156156156156156 0.048 0.0960960960960961
0 0.281 0.7642642642642643 0.102 0.16516516516516516
0 0.238 0.6861861861861862 0.072 0.12312312312312312
0 0.209 0.5540540540540541 0.042 0.06906906906906907
0 0.111 0.6036036036036037 0.066 0.11411411411411411
0 0.07 0.7807807807807807 0.112 0.18018018018018017
0 0.041 0.5465465465465466 0.046 0.06606606606606606
0 0.078 0.5375375375375375 0.036 0.06006006006006006
0 0.15 0.5480480480480481 0.032 0.057057057057057055
0 0.121 0.521021021021021 0.03 0.03903903903903904
0 0.023 0.5165165165165165 0.03 0.042042042042042045
