0 0.10833333333333334 0.23737373737373738 0.05 0.07878787878787878
0 0.14242424242424243 0.25252525252525254 0.05757575757575758 0.07272727272727272
0 0.12272727272727273 0.36363636363636365 0.08484848484848485 0.12121212121212122
0 0.2159090909090909 0.3202020202020202 0.06515151515151515 0.10303030303030303
0 0.24772727272727274 0.2313131313131313 0.04696969696969697 0.06666666666666667
0 0.3886363636363636 0.35858585858585856 0.07727272727272727 0.10303030303030303
0 0.47954545454545455 0.3111111111111111 0.06818181818181818 0.10505050505050505
0 0.48787878787878786 0.2313131313131313 0.03939393939393939 0.05454545454545454
0 0.5053030303030303 0.19090909090909092 0.03787878787878788 0.06666666666666667
0 0.575 0.24545454545454545 0.04393939393939394 0.06666666666666667
0 0.525 0.47878787878787876 0.07424242424242425 0.15353535353535352
0 0.675 0.4111111111111111 0.07424242424242425 0.1191919191919192
0 0.7227272727272728 0.27474747474747474 0.045454545454545456 0.06060606060606061
0 0.6848484848484848 0.23434343434343435 0.045454545454545456 0.06868686868686869
0 0.8553030303030303 0.296969696969697 0.05303030303030303 0.09292929292929293
0 0.9681818181818181 0.3747474747474748 0.06060606060606061 0.10303030303030303
0 0.9704545454545455 0.31313131313131315 0.04696969696969697 0.06464646464646465
0 0.9174242424242425 0.5535353535353535 0.10454545454545454 0.15353535353535352
0 0.8083333333333333 0.6202020202020202 0.12878787878787878 0.17777777777777778
