0 0.06781193490054249 0.5867052023121387 0.081374321880651 0.13872832369942195
0 0.2007233273056058 0.5867052023121387 0.09403254972875226 0.16184971098265896
0 0.3047016274864376 0.33236994219653176 0.081374321880651 0.15028901734104047
0 0.31735985533453887 0.6170520231213873 0.0922242314647378 0.1531791907514451
0 0.38698010849909587 0.5910404624277457 0.08318264014466546 0.1531791907514451
0 0.4873417721518987 0.546242774566474 0.10307414104882459 0.1907514450867052
0 0.6320072332730561 0.5303468208092486 0.11030741410488246 0.1936416184971098
0 0.5714285714285714 0.5635838150289018 0.0759493670886076 0.17341040462427745
0 0.7522603978300181 0.5867052023121387 0.0867992766726944 0.17341040462427745
0 0.8354430379746836 0.5780346820809249 0.09403254972875226 0.15606936416184972
0 0.9403254972875226 0.5794797687861272 0.08318264014466546 0.15895953757225434
