0 0.10204081632653061 0.7727272727272727 0.06651549508692366 0.1103030303030303
0 0.22071050642479215 0.8624242424242424 0.09674981103552532 0.15636363636363637
0 0.29402872260015117 0.7727272727272727 0.08465608465608465 0.1393939393939394
0 0.3352229780801209 0.8278787878787879 0.07180650037792895 0.11636363636363636
0 0.3295540438397581 0.6290909090909091 0.055933484504913075 0.09454545454545454
0 0.47127739984882844 0.22666666666666666 0.044595616024187455 0.09212121212121212
0 0.41043083900226757 0.7175757575757575 0.06500377928949358 0.10666666666666667
0 0.43159486016628873 0.8636363636363636 0.09070294784580499 0.1296969696969697
0 0.4939531368102797 0.6690909090909091 0.07029478458049887 0.10909090909090909
0 0.47959183673469385 0.5727272727272728 0.050642479213907785 0.09333333333333334
0 0.6198034769463341 0.8084848484848485 0.08767951625094482 0.15272727272727274
0 0.563869992441421 0.8084848484848485 0.08314436885865457 0.15272727272727274
0 0.5952380952380952 0.7254545454545455 0.05366591080876795 0.09333333333333334
0 0.6386999244142101 0.7315151515151516 0.0710506424792139 0.11515151515151516
0 0.6534391534391535 0.6545454545454545 0.0582010582010582 0.10424242424242425
0 0.6031746031746031 0.5818181818181818 0.05442176870748299 0.09212121212121212
0 0.718442932728647 0.5903030303030303 0.06575963718820861 0.10181818181818182
0 0.7501889644746788 0.7509090909090909 0.0854119425547997 0.1781818181818182
0 0.8208616780045351 0.7612121212121212 0.06802721088435375 0.13818181818181818
0 0.7762660619803476 0.6278787878787879 0.05744520030234316 0.10181818181818182
0 0.8299319727891157 0.5824242424242424 0.05442176870748299 0.09818181818181818
0 0.907785336356765 0.806060606060606 0.10279667422524566 0.1987878787878788
0 0.907785336356765 0.5842424242424242 0.045351473922902494 0.08727272727272728
0 0.95275888133031 0.5484848484848485 0.04610733182161754 0.07393939393939394
