0 0.106 0.42113564668769715 0.048 0.07255520504731862
0 0.154 0.3943217665615142 0.032 0.04416403785488959
0 0.232 0.41009463722397477 0.036 0.056782334384858045
0 0.273 0.4022082018927445 0.03 0.0473186119873817
0 0.386 0.4558359621451104 0.048 0.07886435331230283
0 0.406 0.40536277602523657 0.028 0.0473186119873817
0 0.547 0.43217665615141954 0.038 0.06309148264984227
0 0.527 0.42586750788643535 0.018 0.03785488958990536
0 0.516 0.4069400630914827 0.02 0.03785488958990536
0 0.593 0.41009463722397477 0.022 0.03785488958990536
0 0.643 0.4274447949526814 0.018 0.03470031545741325
0 0.675 0.4242902208201893 0.018 0.028391167192429023
0 0.726 0.4558359621451104 0.032 0.0473186119873817
0 0.726 0.5331230283911672 0.06 0.11356466876971609
0 0.879 0.5141955835962145 0.058 0.11356466876971609
0 0.868 0.43690851735015773 0.02 0.03470031545741325
0 0.919 0.4605678233438486 0.022 0.04416403785488959
