0 0.06700379266750948 0.39101123595505616 0.040455120101137804 0.06741573033707865
0 0.11820480404551201 0.37640449438202245 0.06700379266750948 0.12808988764044943
0 0.18836915297092288 0.36966292134831463 0.02781289506953224 0.0696629213483146
0 0.21049304677623262 0.41797752808988764 0.041719342604298354 0.0853932584269663
0 0.2888748419721871 0.3707865168539326 0.02654867256637168 0.06292134831460675
0 0.3388116308470291 0.3797752808988764 0.03286978508217446 0.07640449438202247
0 0.4102402022756005 0.38202247191011235 0.0316055625790139 0.06292134831460675
0 0.43426042983565105 0.4067415730337079 0.039190897597977246 0.07640449438202247
0 0.5663716814159292 0.40786516853932586 0.05815423514538559 0.1101123595505618
0 0.5986093552465234 0.3831460674157303 0.03413400758533502 0.08764044943820225
0 0.6510745891276865 0.3707865168539326 0.035398230088495575 0.07191011235955057
0 0.713653603034134 0.3898876404494382 0.0316055625790139 0.060674157303370786
0 0.6201011378002529 0.39775280898876403 0.02654867256637168 0.07191011235955057
0 0.8103666245259166 0.401123595505618 0.03792667509481669 0.0696629213483146
0 0.8451327433628318 0.39775280898876403 0.04424778761061947 0.0853932584269663
0 0.8938053097345132 0.4101123595505618 0.06573957016434892 0.12359550561797752
