0 0.015833333333333335 0.7146529562982005 0.018333333333333333 0.030848329048843187
0 0.030833333333333334 0.7030848329048843 0.015 0.033419023136246784
0 0.019166666666666665 0.6850899742930592 0.011666666666666667 0.017994858611825194
0 0.05333333333333334 0.7300771208226221 0.023333333333333334 0.03598971722365039
0 0.05 0.7005141388174807 0.016666666666666666 0.028277634961439587
0 0.055 0.6889460154241646 0.016666666666666666 0.02056555269922879
0 0.07916666666666666 0.6889460154241646 0.015 0.02570694087403599
0 0.0725 0.7146529562982005 0.018333333333333333 0.030848329048843187
0 0.06416666666666666 0.8084832904884319 0.04833333333333333 0.05912596401028278
0 0.11583333333333333 0.7146529562982005 0.021666666666666667 0.030848329048843187
0 0.1125 0.6915167095115681 0.015 0.02056555269922879
0 0.12166666666666667 0.6812339331619537 0.013333333333333334 0.02570694087403599
0 0.15083333333333335 0.7030848329048843 0.018333333333333333 0.033419023136246784
0 0.14833333333333334 0.6902313624678663 0.013333333333333334 0.02313624678663239
0 0.18083333333333335 0.6928020565552699 0.018333333333333333 0.028277634961439587
0 0.19166666666666668 0.7082262210796915 0.02 0.02313624678663239
0 0.20416666666666666 0.6850899742930592 0.018333333333333333 0.028277634961439587
0 0.21583333333333332 0.6940874035989717 0.018333333333333333 0.02570694087403599
0 0.2425 0.6915167095115681 0.015 0.02056555269922879
0 0.205 0.7275064267352185 0.02666666666666667 0.04113110539845758
0 0.22583333333333333 0.7557840616966581 0.03166666666666667 0.05141388174807198
0 0.225 0.8046272493573264 0.04 0.056555269922879174
0 0.2075 0.8611825192802056 0.06833333333333333 0.10796915167095116
0 0.18083333333333335 0.7827763496143959 0.041666666666666664 0.06426735218508997
0 0.16833333333333333 0.7429305912596401 0.03 0.04113110539845758
0 0.2633333333333333 0.7403598971722365 0.02666666666666667 0.03598971722365039
0 0.2708333333333333 0.712082262210797 0.021666666666666667 0.030848329048843187
0 0.29083333333333333 0.7172236503856041 0.015 0.02570694087403599
0 0.2925 0.7455012853470437 0.025 0.04627249357326478
0 0.305 0.794344473007712 0.043333333333333335 0.06683804627249357
0 0.3333333333333333 0.7557840616966581 0.02666666666666667 0.056555269922879174
0 0.36333333333333334 0.7493573264781491 0.02666666666666667 0.043701799485861184
0 0.38916666666666666 0.7442159383033419 0.025 0.043701799485861184
0 0.36 0.7159383033419023 0.02 0.028277634961439587
0 0.3625 0.6928020565552699 0.018333333333333333 0.02313624678663239
0 0.37833333333333335 0.7043701799485861 0.02 0.02570694087403599
0 0.39666666666666667 0.7107969151670951 0.016666666666666666 0.033419023136246784
0 0.4025 0.6979434447300771 0.015 0.02313624678663239
0 0.325 0.718508997429306 0.02 0.02313624678663239
0 0.32916666666666666 0.7082262210796915 0.018333333333333333 0.02313624678663239
0 0.43333333333333335 0.8071979434447301 0.04666666666666667 0.08226221079691516
0 0.44333333333333336 0.7827763496143959 0.03333333333333333 0.05912596401028278
0 0.4483333333333333 0.7403598971722365 0.02666666666666667 0.04113110539845758
0 0.455 0.718508997429306 0.02 0.033419023136246784
0 0.48333333333333334 0.6889460154241646 0.016666666666666666 0.02056555269922879
0 0.49166666666666664 0.7069408740359897 0.016666666666666666 0.02570694087403599
0 0.5075 0.7275064267352185 0.021666666666666667 0.04113110539845758
0 0.5166666666666667 0.7416452442159382 0.023333333333333334 0.04884318766066838
0 0.535 0.7673521850899743 0.03666666666666667 0.05398457583547558
0 0.5591666666666667 0.7133676092544987 0.021666666666666667 0.033419023136246784
0 0.5233333333333333 0.7017994858611826 0.01 0.02056555269922879
0 0.5766666666666667 0.6928020565552699 0.013333333333333334 0.017994858611825194
0 0.6166666666666667 0.6915167095115681 0.02 0.02056555269922879
0 0.6216666666666667 0.7609254498714653 0.04 0.061696658097686374
0 0.6175 0.8881748071979434 0.08166666666666667 0.14138817480719795
0 0.7183333333333334 0.7930591259640103 0.05333333333333334 0.09511568123393316
0 0.6908333333333333 0.7403598971722365 0.035 0.04627249357326478
0 0.6691666666666667 0.7365038560411311 0.021666666666666667 0.04884318766066838
0 0.6366666666666667 0.7210796915167095 0.02 0.033419023136246784
0 0.6 0.7107969151670951 0.016666666666666666 0.028277634961439587
0 0.635 0.6953727506426736 0.016666666666666666 0.028277634961439587
0 0.675 0.6928020565552699 0.02 0.028277634961439587
0 0.6791666666666667 0.7043701799485861 0.015 0.02570694087403599
0 0.6925 0.7069408740359897 0.018333333333333333 0.02570694087403599
0 0.7333333333333333 0.7146529562982005 0.023333333333333334 0.030848329048843187
0 0.73 0.7442159383033419 0.023333333333333334 0.043701799485861184
0 0.7575 0.7146529562982005 0.021666666666666667 0.04113110539845758
0 0.7458333333333333 0.6928020565552699 0.015 0.02313624678663239
0 0.7758333333333334 0.6889460154241646 0.015 0.02570694087403599
0 0.7825 0.6889460154241646 0.011666666666666667 0.02056555269922879
0 0.8166666666666667 0.7197943444730077 0.023333333333333334 0.04113110539845758
0 0.825 0.7583547557840618 0.04 0.07197943444730077
0 0.8358333333333333 0.6503856041131105 0.018333333333333333 0.03598971722365039
0 0.8608333333333333 0.718508997429306 0.018333333333333333 0.028277634961439587
0 0.8733333333333333 0.6966580976863753 0.016666666666666666 0.030848329048843187
0 0.8625 0.6812339331619537 0.011666666666666667 0.02056555269922879
0 0.8991666666666667 0.7172236503856041 0.021666666666666667 0.02570694087403599
0 0.9258333333333333 0.781491002570694 0.055 0.10282776349614396
0 0.8866666666666667 0.7480719794344473 0.023333333333333334 0.04627249357326478
0 0.9708333333333333 0.7994858611825193 0.04833333333333333 0.06683804627249357
0 0.9808333333333333 0.7390745501285347 0.025 0.033419023136246784
0 0.9383333333333334 0.7030848329048843 0.023333333333333334 0.038560411311053984
0 0.9633333333333334 0.7030848329048843 0.02 0.033419023136246784
0 0.9875 0.7133676092544987 0.018333333333333333 0.033419023136246784
0 0.9091666666666667 0.6889460154241646 0.015 0.02570694087403599
0 0.8916666666666667 0.6863753213367609 0.016666666666666666 0.03598971722365039
0 0.93 0.6825192802056556 0.013333333333333334 0.017994858611825194
0 0.465 0.5912596401028277 0.01 0.015424164524421594
0 0.5266666666666666 0.5951156812339332 0.01 0.017994858611825194
