0 0.20210526315789473 0.5871080139372822 0.0968421052631579 0.14982578397212543
0 0.3031578947368421 0.5958188153310104 0.07157894736842105 0.11846689895470383
0 0.3547368421052632 0.4564459930313589 0.04 0.06968641114982578
0 0.5105263157894737 0.34668989547038326 0.023157894736842106 0.04529616724738676
0 0.5357894736842105 0.6898954703832753 0.09052631578947369 0.17421602787456447
0 0.5757894736842105 0.6341463414634146 0.07368421052631578 0.13937282229965156
0 0.5336842105263158 0.4529616724738676 0.023157894736842106 0.041811846689895474
0 0.5978947368421053 0.4564459930313589 0.021052631578947368 0.041811846689895474
0 0.6378947368421053 0.45121951219512196 0.02526315789473684 0.0313588850174216
0 0.6968421052631579 0.45993031358885017 0.02526315789473684 0.041811846689895474
0 0.8610526315789474 0.8205574912891986 0.15157894736842106 0.2682926829268293
0 0.9410526315789474 0.4738675958188153 0.037894736842105266 0.05574912891986063
0 0.9031578947368422 0.3832752613240418 0.02526315789473684 0.05574912891986063
