0 0.03707414829659319 0.38387096774193546 0.05410821643286573 0.08387096774193549
0 0.08016032064128256 0.3709677419354839 0.052104208416833664 0.07741935483870968
0 0.16933867735470942 0.3564516129032258 0.04609218436873747 0.08064516129032258
0 0.22745490981963928 0.3467741935483871 0.04208416833667335 0.07419354838709677
0 0.22645290581162325 0.29838709677419356 0.04008016032064128 0.054838709677419356
0 0.5621242484969939 0.1774193548387097 0.04208416833667335 0.07096774193548387
0 0.1843687374749499 0.6080645161290322 0.18837675350701402 0.3258064516129032
0 0.7104208416833667 0.2806451612903226 0.03406813627254509 0.06451612903225806
0 0.8036072144288577 0.36129032258064514 0.04408817635270541 0.10967741935483871
0 0.842685370741483 0.3741935483870968 0.06613226452905811 0.13548387096774195
0 0.8216432865731463 0.3032258064516129 0.04809619238476954 0.07096774193548387
0 0.9118236472945892 0.4096774193548387 0.09218436873747494 0.18064516129032257
0 0.9348697394789579 0.19193548387096773 0.026052104208416832 0.06774193548387097
