0 0.08515625 0.5058823529411764 0.0546875 0.08
0 0.16796875 0.5623529411764706 0.0609375 0.10352941176470588
0 0.2078125 0.5847058823529412 0.078125 0.12
0 0.371875 0.38941176470588235 0.03125 0.058823529411764705
0 0.309375 0.6023529411764705 0.075 0.11764705882352941
0 0.453125 0.3658823529411765 0.028125 0.04470588235294118
0 0.50625 0.6188235294117647 0.0875 0.1411764705882353
0 0.6265625 0.37176470588235294 0.025 0.05647058823529412
0 0.73203125 0.7105882352941176 0.1109375 0.1976470588235294
0 0.8234375 0.44 0.025 0.042352941176470586
0 0.9453125 0.4823529411764706 0.040625 0.06588235294117648
