0 0.155 0.4683333333333333 0.055 0.07
0 0.228125 0.49083333333333334 0.05375 0.065
0 0.27875 0.49583333333333335 0.0525 0.07833333333333334
0 0.33125 0.49916666666666665 0.05 0.075
0 0.35125 0.44916666666666666 0.04 0.055
0 0.263125 0.37 0.04125 0.056666666666666664
0 0.45 0.49 0.0675 0.09
0 0.431875 0.4525 0.04375 0.065
0 0.505 0.45916666666666667 0.0575 0.075
0 0.558125 0.5125 0.07125 0.105
0 0.58375 0.4558333333333333 0.06 0.07833333333333334
0 0.6225 0.4425 0.03 0.045
0 0.650625 0.48333333333333334 0.05125 0.08333333333333333
0 0.6925 0.46 0.035 0.056666666666666664
0 0.689375 0.43083333333333335 0.03375 0.041666666666666664
0 0.733125 0.49416666666666664 0.07375 0.105
0 0.7275 0.4375 0.035 0.045
0 0.7925 0.4583333333333333 0.0625 0.1
0 0.84625 0.44416666666666665 0.04 0.058333333333333334
0 0.87875 0.5166666666666667 0.0725 0.13
0 0.895 0.44083333333333335 0.04 0.055
0 0.881875 0.41333333333333333 0.02875 0.043333333333333335
0 0.9375 0.4075 0.0275 0.051666666666666666
0 0.984375 0.43416666666666665 0.02875 0.055
0 0.93125 0.49 0.0525 0.08333333333333333
