0 0.90234375 0.2814516129032258 0.08984375 0.17580645161290323
0 0.79736328125 0.3241935483870968 0.0263671875 0.06451612903225806
0 0.81591796875 0.32016129032258067 0.0224609375 0.056451612903225805
0 0.75732421875 0.32661290322580644 0.0556640625 0.12419354838709677
0 0.69384765625 0.31451612903225806 0.0810546875 0.15483870967741936
0 0.59326171875 0.2653225806451613 0.0576171875 0.10806451612903226
0 0.52685546875 0.32016129032258067 0.0322265625 0.06612903225806452
0 0.4560546875 0.317741935483871 0.06640625 0.13225806451612904
0 0.498046875 0.3258064516129032 0.02734375 0.054838709677419356
0 0.4248046875 0.32741935483870965 0.03125 0.06129032258064516
0 0.38037109375 0.36693548387096775 0.0478515625 0.09838709677419355
0 0.361328125 0.2854838709677419 0.029296875 0.05161290322580645
0 0.36181640625 0.325 0.0322265625 0.056451612903225805
0 0.29150390625 0.31451612903225806 0.0361328125 0.06451612903225806
0 0.2470703125 0.3564516129032258 0.0703125 0.12903225806451613
0 0.20068359375 0.3395161290322581 0.0361328125 0.07580645161290323
0 0.15625 0.32983870967741935 0.048828125 0.08870967741935484
0 0.109375 0.3774193548387097 0.05859375 0.11290322580645161
0 0.068359375 0.33225806451612905 0.048828125 0.08387096774193549
0 0.01611328125 0.31370967741935485 0.0302734375 0.056451612903225805
