0 0.12833333333333333 0.5207100591715976 0.11 0.1952662721893491
0 0.13083333333333333 0.35355029585798814 0.08166666666666667 0.12721893491124261
0 0.32416666666666666 0.15680473372781065 0.04833333333333333 0.10059171597633136
0 0.3233333333333333 0.33136094674556216 0.056666666666666664 0.1301775147928994
0 0.3625 0.4630177514792899 0.11166666666666666 0.21005917159763313
0 0.2475 0.841715976331361 0.315 0.3106508875739645
0 0.48083333333333333 0.31952662721893493 0.055 0.10059171597633136
0 0.4625 0.28846153846153844 0.03833333333333333 0.07988165680473373
0 0.5375 0.3165680473372781 0.041666666666666664 0.0650887573964497
0 0.575 0.5014792899408284 0.09 0.1863905325443787
0 0.6575 0.3180473372781065 0.065 0.10946745562130178
0 0.7216666666666667 0.42159763313609466 0.08666666666666667 0.16272189349112426
0 0.7383333333333333 0.3224852071005917 0.06 0.10650887573964497
0 0.775 0.7928994082840237 0.21 0.39644970414201186
0 0.8783333333333333 0.4171597633136095 0.08 0.17159763313609466
0 0.9233333333333333 0.4068047337278107 0.07 0.1390532544378698
