0 0.08177083333333333 0.33125 0.025520833333333333 0.04861111111111111
0 0.10963541666666667 0.39444444444444443 0.052083333333333336 0.1
0 0.17838541666666666 0.3453703703703704 0.0265625 0.04259259259259259
0 0.20208333333333334 0.34282407407407406 0.017708333333333333 0.043055555555555555
0 0.22578125 0.3891203703703704 0.028125 0.05694444444444444
0 0.24322916666666666 0.3592592592592593 0.019270833333333334 0.04351851851851852
0 0.28151041666666665 0.3611111111111111 0.021875 0.05
0 0.322265625 0.36527777777777776 0.026822916666666665 0.05092592592592592
0 0.3809895833333333 0.38425925925925924 0.0234375 0.04537037037037037
0 0.39296875 0.3141203703703704 0.019791666666666666 0.04398148148148148
0 0.2986979166666667 0.4513888888888889 0.05364583333333333 0.10092592592592593
0 0.5326822916666667 0.6090277777777777 0.09401041666666667 0.19490740740740742
0 0.5225260416666667 0.46273148148148147 0.040364583333333336 0.0875
0 0.582421875 0.47129629629629627 0.03567708333333333 0.07777777777777778
0 0.66953125 0.4 0.021875 0.04259259259259259
0 0.7927083333333333 0.5997685185185185 0.06302083333333333 0.12546296296296297
0 0.8579427083333333 0.49953703703703706 0.031510416666666666 0.06574074074074074
0 0.9630208333333333 0.5201388888888889 0.034895833333333334 0.07546296296296297
