0 0.094 0.5733333333333334 0.064 0.096
0 0.147 0.5466666666666666 0.054 0.09066666666666667
0 0.207 0.5946666666666667 0.062 0.10133333333333333
0 0.276 0.544 0.06 0.09066666666666667
0 0.362 0.5213333333333333 0.06 0.088
0 0.416 0.5293333333333333 0.048 0.072
0 0.453 0.5733333333333334 0.05 0.09066666666666667
0 0.502 0.48133333333333334 0.048 0.08266666666666667
0 0.55 0.5666666666666667 0.048 0.09333333333333334
0 0.596 0.5333333333333333 0.044 0.08533333333333333
0 0.646 0.584 0.056 0.09066666666666667
0 0.69 0.5186666666666667 0.048 0.072
0 0.737 0.5626666666666666 0.046 0.08533333333333333
0 0.789 0.516 0.046 0.09333333333333334
0 0.83 0.5586666666666666 0.048 0.08266666666666667
0 0.902 0.5226666666666666 0.056 0.08
