0 0.12583333333333332 0.373134328358209 0.105 0.19900497512437812
0 0.17416666666666666 0.22388059701492538 0.045 0.06467661691542288
0 0.22 0.19402985074626866 0.03333333333333333 0.06467661691542288
0 0.44166666666666665 0.11691542288557213 0.06 0.13432835820895522
0 0.49583333333333335 0.3718905472636816 0.09166666666666666 0.16666666666666666
0 0.41833333333333333 0.5310945273631841 0.13666666666666666 0.18159203980099503
0 0.4 0.18407960199004975 0.07 0.11442786069651742
0 0.5458333333333333 0.1480099502487562 0.08166666666666667 0.11194029850746269
0 0.6416666666666667 0.19776119402985073 0.06333333333333334 0.10696517412935323
0 0.665 0.15796019900497513 0.05 0.09203980099502487
0 0.7416666666666667 0.16169154228855723 0.05333333333333334 0.10945273631840796
0 0.9508333333333333 0.10323383084577115 0.06833333333333333 0.12686567164179105
