0 0.038 0.43333333333333335 0.052 0.08266666666666667
0 0.109 0.408 0.026 0.05333333333333334
0 0.171 0.4653333333333333 0.058 0.07733333333333334
0 0.158 0.42933333333333334 0.036 0.042666666666666665
0 0.264 0.5213333333333333 0.068 0.136
0 0.257 0.44 0.046 0.064
0 0.226 0.404 0.036 0.04533333333333334
0 0.271 0.4013333333333333 0.034 0.050666666666666665
0 0.323 0.39466666666666667 0.022 0.037333333333333336
0 0.358 0.43466666666666665 0.044 0.07466666666666667
0 0.398 0.416 0.028 0.048
0 0.41 0.39466666666666667 0.02 0.032
0 0.197 0.8573333333333333 0.31 0.27466666666666667
0 0.497 0.408 0.034 0.064
0 0.469 0.39466666666666667 0.014 0.02666666666666667
0 0.528 0.47733333333333333 0.06 0.10133333333333333
0 0.539 0.3933333333333333 0.018 0.034666666666666665
0 0.578 0.408 0.028 0.042666666666666665
0 0.634 0.416 0.032 0.048
0 0.69 0.4493333333333333 0.044 0.072
0 0.706 0.416 0.02 0.037333333333333336
0 0.732 0.29733333333333334 0.056 0.088
0 0.685 0.604 0.118 0.2
0 0.866 0.42933333333333334 0.032 0.05333333333333334
0 0.925 0.4226666666666667 0.03 0.050666666666666665
0 0.932 0.5173333333333333 0.08 0.112
