0 0.11666666666666667 0.4718934911242604 0.06333333333333334 0.10355029585798817
0 0.16083333333333333 0.43047337278106507 0.041666666666666664 0.07988165680473373
0 0.15083333333333335 0.3875739644970414 0.035 0.05917159763313609
0 0.205 0.371301775147929 0.04 0.07988165680473373
0 0.23833333333333334 0.6109467455621301 0.09666666666666666 0.14497041420118342
0 0.3 0.41272189349112426 0.05333333333333334 0.09171597633136094
0 0.36 0.3890532544378698 0.03666666666666667 0.0621301775147929
0 0.3725 0.28106508875739644 0.03166666666666667 0.05325443786982249
0 0.5091666666666667 0.5014792899408284 0.08833333333333333 0.15680473372781065
0 0.485 0.4349112426035503 0.043333333333333335 0.07100591715976332
0 0.6058333333333333 0.23372781065088757 0.03166666666666667 0.05917159763313609
0 0.6525 0.3328402366863905 0.041666666666666664 0.09171597633136094
0 0.6516666666666666 0.3668639053254438 0.03333333333333333 0.0650887573964497
0 0.6966666666666667 0.3520710059171598 0.03666666666666667 0.07100591715976332
0 0.7058333333333333 0.41420118343195267 0.045 0.08875739644970414
0 0.76 0.40828402366863903 0.056666666666666664 0.10059171597633136
0 0.835 0.4289940828402367 0.06333333333333334 0.14201183431952663
