0 0.1725 0.5465116279069767 0.055 0.09302325581395349
0 0.34625 0.6608527131782945 0.0775 0.12015503875968993
0 0.315 0.9089147286821705 0.17 0.1744186046511628
0 0.35625 0.5077519379844961 0.0575 0.08527131782945736
0 0.4625 0.40310077519379844 0.035 0.06976744186046512
0 0.5025 0.5775193798449613 0.06 0.09302325581395349
0 0.59375 0.45348837209302323 0.0425 0.06201550387596899
0 0.7175 0.7538759689922481 0.1 0.1744186046511628
0 0.71625 0.46124031007751937 0.0425 0.06976744186046512
0 0.75875 0.46705426356589147 0.0525 0.10465116279069768
0 0.82 0.40891472868217055 0.03 0.050387596899224806
0 0.85625 0.45930232558139533 0.0425 0.08914728682170543
0 0.91125 0.4263565891472868 0.0375 0.06976744186046512
