0 0.2779947916666667 0.61083984375 0.0642361111111111 0.09928385416666667
0 0.1931423611111111 0.5833333333333334 0.06032986111111111 0.103515625
0 0.0769314236111111 0.5651041666666666 0.05186631944444445 0.09244791666666667
0 0.06228298611111111 0.47265625 0.0234375 0.042317708333333336
0 0.12413194444444445 0.4456380208333333 0.017795138888888888 0.025390625
0 0.13704427083333334 0.4718424479166667 0.023654513888888888 0.033528645833333336
0 0.1457248263888889 0.4547526041666667 0.015842013888888888 0.029947916666666668
0 0.1752387152777778 0.4541015625 0.018446180555555556 0.029947916666666668
0 0.1857638888888889 0.451171875 0.010850694444444444 0.024088541666666668
0 0.20518663194444445 0.4690755208333333 0.023654513888888888 0.038411458333333336
0 0.2126736111111111 0.453125 0.016059027777777776 0.024739583333333332
0 0.22547743055555555 0.4573567708333333 0.019097222222222224 0.03125
0 0.2322048611111111 0.4775390625 0.026475694444444444 0.046223958333333336
0 0.2299262152777778 0.4440104166666667 0.011935763888888888 0.024088541666666668
0 0.2465277777777778 0.4593098958333333 0.01953125 0.034505208333333336
0 0.2877604166666667 0.4759114583333333 0.020399305555555556 0.035807291666666664
0 0.2846137152777778 0.45068359375 0.014973958333333334 0.021809895833333332
0 0.3006727430555556 0.4539388020833333 0.013671875 0.023763020833333332
0 0.3251953125 0.45849609375 0.017578125 0.030924479166666668
0 0.3607855902777778 0.52587890625 0.035807291666666664 0.060221354166666664
0 0.3781467013888889 0.4793294270833333 0.014973958333333334 0.029622395833333332
0 0.3926866319444444 0.4733072916666667 0.022352430555555556 0.0390625
0 0.3655598958333333 0.4710286458333333 0.016276041666666668 0.026041666666666668
0 0.3569878472222222 0.4627278645833333 0.013020833333333334 0.0224609375
0 0.353515625 0.44921875 0.013888888888888888 0.022135416666666668
0 0.3297526041666667 0.44873046875 0.012369791666666666 0.019205729166666668
0 0.3990885416666667 0.45361328125 0.01171875 0.021809895833333332
0 0.4054904513888889 0.4596354166666667 0.010199652777777778 0.022786458333333332
0 0.4165581597222222 0.47119140625 0.018446180555555556 0.0263671875
0 0.4443359375 0.4744466145833333 0.021050347222222224 0.033528645833333336
0 0.4573567708333333 0.46533203125 0.014105902777777778 0.025065104166666668
0 0.4487847222222222 0.4563802083333333 0.011284722222222222 0.016276041666666668
0 0.4552951388888889 0.4500325520833333 0.013020833333333334 0.0205078125
0 0.4775390625 0.474609375 0.021918402777777776 0.036458333333333336
0 0.4731987847222222 0.45703125 0.012369791666666666 0.024088541666666668
0 0.4847005208333333 0.45654296875 0.009765625 0.017903645833333332
0 0.4924045138888889 0.4622395833333333 0.009982638888888888 0.018880208333333332
0 0.4913194444444444 0.4488932291666667 0.010850694444444444 0.018880208333333332
0 0.5052083333333334 0.4547526041666667 0.008680555555555556 0.018229166666666668
0 0.5144314236111112 0.4638671875 0.012369791666666666 0.026041666666666668
0 0.4826388888888889 0.5489908854166666 0.045572916666666664 0.08626302083333333
0 0.5883246527777778 0.6936848958333334 0.07942708333333333 0.12109375
0 0.5540364583333334 0.5198567708333334 0.027777777777777776 0.046875
0 0.5465494791666666 0.4951171875 0.018880208333333332 0.030598958333333332
0 0.5440538194444444 0.4637044270833333 0.015190972222222222 0.027018229166666668
0 0.5294053819444444 0.4567057291666667 0.011501736111111112 0.01953125
0 0.5518663194444444 0.4537760416666667 0.0078125 0.013020833333333334
0 0.5588107638888888 0.4586588541666667 0.010416666666666666 0.020833333333333332
0 0.5690104166666666 0.4547526041666667 0.008246527777777778 0.015625
0 0.5791015625 0.4537760416666667 0.011935763888888888 0.021484375
0 0.5838758680555556 0.4700520833333333 0.016276041666666668 0.028645833333333332
0 0.6217447916666666 0.541015625 0.03428819444444445 0.043619791666666664
0 0.6617838541666666 0.5104166666666666 0.030164930555555556 0.048177083333333336
0 0.7332899305555556 0.5450846354166666 0.03428819444444445 0.053059895833333336
0 0.8397352430555556 0.5963541666666666 0.054036458333333336 0.07486979166666667
0 0.8245442708333334 0.5167643229166666 0.029296875 0.044596354166666664
0 0.8814019097222222 0.55078125 0.031901041666666664 0.045572916666666664
0 0.9057074652777778 0.53173828125 0.030598958333333332 0.0478515625
0 0.9395616319444444 0.4825846354166667 0.009765625 0.021809895833333332
0 0.9281684027777778 0.4860026041666667 0.01171875 0.022786458333333332
0 0.912109375 0.4840494791666667 0.01171875 0.020833333333333332
0 0.8969184027777778 0.4869791666666667 0.013020833333333334 0.021484375
0 0.9025607638888888 0.4773763020833333 0.010416666666666666 0.017252604166666668
0 0.8811848958333334 0.48193359375 0.012803819444444444 0.0185546875
0 0.8690321180555556 0.47314453125 0.010633680555555556 0.0166015625
0 0.8629557291666666 0.4812825520833333 0.010199652777777778 0.017903645833333332
0 0.8540581597222222 0.48876953125 0.014539930555555556 0.025716145833333332
0 0.8421223958333334 0.47509765625 0.011501736111111112 0.017903645833333332
0 0.8291015625 0.4801432291666667 0.013237847222222222 0.0234375
0 0.8134765625 0.4724934895833333 0.011067708333333334 0.019856770833333332
0 0.8006727430555556 0.4762369791666667 0.013671875 0.024739583333333332
0 0.7925347222222222 0.47607421875 0.013454861111111112 0.0263671875
0 0.7835286458333334 0.4772135416666667 0.010199652777777778 0.017578125
0 0.7619357638888888 0.4786783854166667 0.013454861111111112 0.025716145833333332
0 0.6974826388888888 0.4645182291666667 0.012152777777777778 0.021484375
0 0.6075303819444444 0.4583333333333333 0.010199652777777778 0.014973958333333334
0 0.6270616319444444 0.46240234375 0.012369791666666666 0.017252604166666668
0 0.6397569444444444 0.4622395833333333 0.011284722222222222 0.021484375
0 0.6493055555555556 0.4661458333333333 0.010850694444444444 0.020182291666666668
0 0.6618923611111112 0.4627278645833333 0.010850694444444444 0.019205729166666668
0 0.6866319444444444 0.4612630208333333 0.012152777777777778 0.018880208333333332
