0 0.19083333333333333 0.3875 0.08833333333333333 0.18
0 0.3125 0.37625 0.06166666666666667 0.1025
0 0.37416666666666665 0.3625 0.045 0.095
0 0.405 0.34625 0.03 0.0675
0 0.435 0.3725 0.03333333333333333 0.065
0 0.43333333333333335 0.335 0.03 0.05
0 0.49583333333333335 0.31375 0.028333333333333332 0.0375
0 0.5175 0.33125 0.028333333333333332 0.0525
0 0.5658333333333333 0.325 0.025 0.045
0 0.58 0.335 0.02 0.035
0 0.6258333333333334 0.34375 0.028333333333333332 0.0475
0 0.6583333333333333 0.32 0.043333333333333335 0.065
0 0.6708333333333333 0.36375 0.041666666666666664 0.0775
0 0.7275 0.39625 0.06166666666666667 0.1275
0 0.6891666666666667 0.3325 0.025 0.045
0 0.72 0.30625 0.02 0.0475
0 0.7466666666666667 0.3475 0.02666666666666667 0.05
0 0.8091666666666667 0.48625 0.085 0.1625
0 0.8258333333333333 0.33875 0.03166666666666667 0.0575
0 0.8691666666666666 0.36375 0.03166666666666667 0.0625
0 0.8966666666666666 0.34375 0.023333333333333334 0.0525
0 0.94 0.3625 0.03666666666666667 0.07
0 0.9575 0.32 0.025 0.045
