0 0.08958333333333333 0.6546296296296297 0.09027777777777778 0.12407407407407407
0 0.07708333333333334 0.5046296296296297 0.03194444444444444 0.046296296296296294
0 0.10833333333333334 0.475 0.027777777777777776 0.04259259259259259
0 0.12013888888888889 0.5064814814814815 0.03194444444444444 0.05
0 0.1486111111111111 0.49074074074074076 0.04722222222222222 0.05555555555555555
0 0.17083333333333334 0.49166666666666664 0.030555555555555555 0.05
0 0.20208333333333334 0.4740740740740741 0.03194444444444444 0.040740740740740744
0 0.22847222222222222 0.5046296296296297 0.029166666666666667 0.053703703703703705
0 0.2708333333333333 0.5111111111111111 0.03888888888888889 0.05925925925925926
0 0.2520833333333333 0.475 0.02361111111111111 0.027777777777777776
0 0.27708333333333335 0.46944444444444444 0.018055555555555554 0.03518518518518519
0 0.2861111111111111 0.49444444444444446 0.025 0.04814814814814815
0 0.3125 0.5074074074074074 0.030555555555555555 0.05185185185185185
0 0.35208333333333336 0.487962962962963 0.02638888888888889 0.046296296296296294
0 0.37083333333333335 0.5083333333333333 0.03611111111111111 0.053703703703703705
0 0.40902777777777777 0.5453703703703704 0.05138888888888889 0.07592592592592592
0 0.4354166666666667 0.5111111111111111 0.03194444444444444 0.04814814814814815
0 0.48194444444444445 0.49907407407407406 0.027777777777777776 0.05740740740740741
0 0.5263888888888889 0.4824074074074074 0.027777777777777776 0.03518518518518519
0 0.5729166666666666 0.4703703703703704 0.02638888888888889 0.037037037037037035
0 0.5125 0.5675925925925925 0.05277777777777778 0.06851851851851852
0 0.5986111111111111 0.525 0.044444444444444446 0.07592592592592592
0 0.6472222222222223 0.487962962962963 0.030555555555555555 0.053703703703703705
0 0.6770833333333334 0.5537037037037037 0.05694444444444444 0.07777777777777778
0 0.6805555555555556 0.5185185185185185 0.041666666666666664 0.04814814814814815
0 0.7208333333333333 0.4777777777777778 0.027777777777777776 0.040740740740740744
0 0.7680555555555556 0.5407407407407407 0.05 0.08888888888888889
0 0.7951388888888888 0.5064814814814815 0.043055555555555555 0.05740740740740741
0 0.8284722222222223 0.49537037037037035 0.03194444444444444 0.053703703703703705
0 0.8638888888888889 0.5555555555555556 0.06111111111111111 0.07777777777777778
0 0.9694444444444444 0.524074074074074 0.05 0.07037037037037037
