0 0.1445578231292517 0.55 0.05102040816326531 0.08181818181818182
0 0.282312925170068 0.5704545454545454 0.034013605442176874 0.05
0 0.4268707482993197 0.5386363636363637 0.030612244897959183 0.04090909090909091
0 0.3656462585034014 0.5181818181818182 0.030612244897959183 0.03636363636363636
0 0.36904761904761907 0.47954545454545455 0.017006802721088437 0.031818181818181815
0 0.2942176870748299 0.5 0.017006802721088437 0.02727272727272727
0 0.30952380952380953 0.525 0.027210884353741496 0.031818181818181815
0 0.42857142857142855 0.4659090909090909 0.02040816326530612 0.022727272727272728
0 0.467687074829932 0.45227272727272727 0.017006802721088437 0.031818181818181815
0 0.49489795918367346 0.4863636363636364 0.023809523809523808 0.03636363636363636
0 0.5374149659863946 0.5159090909090909 0.027210884353741496 0.031818181818181815
0 0.5459183673469388 0.4409090909090909 0.017006802721088437 0.02727272727272727
0 0.5901360544217688 0.42954545454545456 0.017006802721088437 0.031818181818181815
0 0.6343537414965986 0.41363636363636364 0.030612244897959183 0.03636363636363636
0 0.6819727891156463 0.44772727272727275 0.030612244897959183 0.04090909090909091
0 0.6870748299319728 0.5136363636363637 0.034013605442176874 0.05454545454545454
0 0.9455782312925171 0.4431818181818182 0.061224489795918366 0.08636363636363636
0 0.9149659863945578 0.3977272727272727 0.034013605442176874 0.05909090909090909
0 0.8996598639455783 0.35454545454545455 0.023809523809523808 0.03636363636363636
0 0.9438775510204082 0.34545454545454546 0.023809523809523808 0.03636363636363636
0 0.9727891156462585 0.33636363636363636 0.027210884353741496 0.03636363636363636
0 0.8656462585034014 0.37272727272727274 0.030612244897959183 0.045454545454545456
0 0.8486394557823129 0.4113636363636364 0.023809523809523808 0.04090909090909091
0 0.826530612244898 0.41363636363636364 0.027210884353741496 0.045454545454545456
0 0.7976190476190477 0.41818181818181815 0.023809523809523808 0.045454545454545456
0 0.8129251700680272 0.3795454545454545 0.027210884353741496 0.04090909090909091
0 0.7159863945578231 0.4 0.023809523809523808 0.03636363636363636
0 0.7346938775510204 0.38181818181818183 0.02040816326530612 0.03636363636363636
0 0.6802721088435374 0.4 0.02040816326530612 0.03636363636363636
