0 0.105 0.4339339339339339 0.042 0.08708708708708708
0 0.186 0.43843843843843844 0.044 0.09009009009009009
0 0.237 0.36186186186186187 0.042 0.07507507507507508
0 0.289 0.4339339339339339 0.042 0.07507507507507508
0 0.334 0.3813813813813814 0.036 0.06606606606606606
0 0.37 0.44894894894894893 0.044 0.08108108108108109
0 0.411 0.4009009009009009 0.038 0.057057057057057055
0 0.423 0.46846846846846846 0.046 0.07807807807807808
0 0.473 0.47297297297297297 0.042 0.08708708708708708
0 0.526 0.47297297297297297 0.044 0.09309309309309309
0 0.494 0.40540540540540543 0.036 0.06606606606606606
0 0.573 0.3768768768768769 0.042 0.06306306306306306
0 0.58 0.47297297297297297 0.048 0.08708708708708708
0 0.649 0.44294294294294295 0.042 0.08708708708708708
0 0.648 0.3918918918918919 0.036 0.06306306306306306
0 0.718 0.43243243243243246 0.048 0.07807807807807808
0 0.769 0.4144144144144144 0.042 0.07207207207207207
0 0.787 0.4744744744744745 0.05 0.07807807807807808
0 0.852 0.4069069069069069 0.044 0.08108108108108109
