0 0.1285 0.27177177177177175 0.077 0.11711711711711711
0 0.25 0.2695195195195195 0.066 0.10960960960960961
0 0.286 0.29504504504504503 0.032 0.05855855855855856
0 0.32 0.34234234234234234 0.042 0.07507507507507508
0 0.3675 0.3055555555555556 0.057 0.0915915915915916
0 0.4205 0.30255255255255253 0.039 0.07657657657657657
0 0.464 0.31981981981981983 0.032 0.06306306306306306
0 0.5115 0.2747747747747748 0.047 0.07507507507507508
0 0.5355 0.31906906906906907 0.043 0.07957957957957958
0 0.558 0.3003003003003003 0.038 0.06906906906906907
0 0.6245 0.3003003003003003 0.041 0.07507507507507508
0 0.6425 0.31756756756756754 0.027 0.05555555555555555
0 0.724 0.3355855855855856 0.044 0.08858858858858859
0 0.7825 0.3138138138138138 0.023 0.05105105105105105
0 0.833 0.34384384384384387 0.052 0.08408408408408409
