0 0.03875 0.42916666666666664 0.0575 0.07833333333333334
0 0.2125 0.46416666666666667 0.065 0.10166666666666667
0 0.355 0.4766666666666667 0.05 0.08333333333333333
0 0.409375 0.415 0.03875 0.07333333333333333
0 0.43375 0.5058333333333334 0.065 0.10833333333333334
0 0.469375 0.4633333333333333 0.04125 0.08333333333333333
0 0.508125 0.43083333333333335 0.03875 0.041666666666666664
0 0.5575 0.4483333333333333 0.045 0.07333333333333333
0 0.601875 0.49916666666666665 0.06875 0.10166666666666667
0 0.59375 0.4058333333333333 0.03 0.051666666666666666
0 0.6375 0.42333333333333334 0.045 0.06333333333333334
0 0.689375 0.39416666666666667 0.02875 0.051666666666666666
0 0.726875 0.47333333333333333 0.06875 0.1
0 0.721875 0.42 0.04625 0.06666666666666667
0 0.7475 0.405 0.0425 0.06
0 0.9175 0.4475 0.0525 0.075
0 0.9475 0.4275 0.0375 0.06833333333333333
