0 0.0828125 0.4225941422594142 0.040625 0.0502092050209205
0 0.28046875 0.45397489539748953 0.0296875 0.04602510460251046
0 0.32109375 0.5355648535564853 0.0359375 0.04602510460251046
0 0.33359375 0.6370292887029289 0.0859375 0.11506276150627615
0 0.3953125 0.5449790794979079 0.04375 0.060669456066945605
0 0.50390625 0.6903765690376569 0.0890625 0.13389121338912133
0 0.4890625 0.551255230125523 0.04375 0.060669456066945605
0 0.484375 0.5146443514644351 0.040625 0.0502092050209205
0 0.5625 0.5209205020920502 0.040625 0.05439330543933055
0 0.6265625 0.5083682008368201 0.034375 0.0502092050209205
0 0.690625 0.5794979079497908 0.0625 0.08368200836820083
0 0.72109375 0.5397489539748954 0.0390625 0.05439330543933055
0 0.7390625 0.5177824267782427 0.0375 0.05230125523012552
0 0.81953125 0.5135983263598326 0.0359375 0.05230125523012552
0 0.88984375 0.5638075313807531 0.0578125 0.07740585774058577
0 0.97265625 0.5355648535564853 0.0390625 0.06276150627615062
