0 0.021296296296296296 0.5501392757660167 0.03518518518518519 0.0584958217270195
0 0.05740740740740741 0.5403899721448467 0.037037037037037035 0.06128133704735376
0 0.13148148148148148 0.5473537604456824 0.05185185185185185 0.0807799442896936
0 0.16111111111111112 0.5250696378830083 0.037037037037037035 0.0584958217270195
0 0.18703703703703703 0.532033426183844 0.04814814814814815 0.07242339832869081
0 0.2101851851851852 0.5055710306406686 0.027777777777777776 0.052924791086350974
0 0.2388888888888889 0.5111420612813371 0.040740740740740744 0.06963788300835655
0 0.26944444444444443 0.5041782729805014 0.027777777777777776 0.055710306406685235
0 0.30648148148148147 0.520891364902507 0.046296296296296294 0.07242339832869081
0 0.31851851851851853 0.48885793871866295 0.03333333333333333 0.06406685236768803
0 0.36203703703703705 0.4860724233983287 0.03518518518518519 0.052924791086350974
0 0.3972222222222222 0.4860724233983287 0.03148148148148148 0.052924791086350974
0 0.38055555555555554 0.5974930362116991 0.07592592592592592 0.1309192200557103
0 0.4398148148148148 0.5041782729805014 0.053703703703703705 0.0947075208913649
0 0.5462962962962963 0.5264623955431755 0.05185185185185185 0.08913649025069638
0 0.47962962962962963 0.47214484679665736 0.02962962962962963 0.04178272980501393
0 0.5148148148148148 0.4568245125348189 0.022222222222222223 0.04456824512534819
0 0.5592592592592592 0.479108635097493 0.03333333333333333 0.06128133704735376
0 0.6398148148148148 0.5835654596100278 0.07592592592592592 0.1532033426183844
0 0.6972222222222222 0.5041782729805014 0.053703703703703705 0.10027855153203342
0 0.6694444444444444 0.4986072423398329 0.03148148148148148 0.06128133704735376
0 0.6518518518518519 0.4554317548746518 0.02962962962962963 0.04735376044568245
0 0.6101851851851852 0.4610027855153203 0.027777777777777776 0.0584958217270195
0 0.5953703703703703 0.45403899721448465 0.020370370370370372 0.04456824512534819
0 0.5824074074074074 0.44428969359331477 0.012962962962962963 0.03064066852367688
0 0.5416666666666666 0.45264623955431754 0.016666666666666666 0.03064066852367688
0 0.6824074074074075 0.44428969359331477 0.024074074074074074 0.04178272980501393
0 0.7277777777777777 0.4623955431754875 0.022222222222222223 0.04456824512534819
0 0.7129629629629629 0.43036211699164345 0.022222222222222223 0.04178272980501393
0 0.7361111111111112 0.4373259052924791 0.020370370370370372 0.03899721448467967
0 0.737037037037037 0.4206128133704735 0.018518518518518517 0.033426183844011144
0 0.7944444444444444 0.4735376044568245 0.04814814814814815 0.06685236768802229
0 0.8194444444444444 0.4456824512534819 0.03148148148148148 0.06128133704735376
0 0.85 0.4373259052924791 0.02962962962962963 0.06128133704735376
0 0.8981481481481481 0.4958217270194986 0.05185185185185185 0.0947075208913649
0 0.9166666666666666 0.45264623955431754 0.037037037037037035 0.06406685236768803
0 0.9009259259259259 0.4011142061281337 0.020370370370370372 0.03899721448467967
