0 0.09485294117647058 0.5088300220750552 0.027941176470588237 0.059602649006622516
0 0.06470588235294118 0.4624724061810154 0.029411764705882353 0.046357615894039736
0 0.04044117647058824 0.434878587196468 0.027941176470588237 0.04856512141280353
0 0.047058823529411764 0.40507726269315675 0.023529411764705882 0.033112582781456956
0 0.08088235294117647 0.347682119205298 0.023529411764705882 0.037527593818984545
0 0.12279411764705882 0.3432671081677704 0.01911764705882353 0.033112582781456956
0 0.10955882352941176 0.3719646799116998 0.022058823529411766 0.033112582781456956
0 0.12794117647058822 0.40176600441501104 0.020588235294117647 0.03532008830022075
0 0.15955882352941175 0.45253863134657835 0.030882352941176472 0.05739514348785872
0 0.1588235294117647 0.42935982339955847 0.026470588235294117 0.04194260485651214
0 0.22205882352941175 0.39072847682119205 0.023529411764705882 0.039735099337748346
0 0.2566176470588235 0.3344370860927152 0.01911764705882353 0.04194260485651214
0 0.2823529411764706 0.3543046357615894 0.01764705882352941 0.037527593818984545
0 0.31691176470588234 0.32339955849889623 0.01911764705882353 0.033112582781456956
0 0.33088235294117646 0.30022075055187636 0.014705882352941176 0.026490066225165563
0 0.3669117647058823 0.27704194260485654 0.016176470588235296 0.033112582781456956
0 0.4007352941176471 0.26158940397350994 0.016176470588235296 0.033112582781456956
0 0.34191176470588236 0.5364238410596026 0.051470588235294115 0.06622516556291391
0 0.3205882352941177 0.4867549668874172 0.03823529411764706 0.05518763796909492
0 0.35 0.4381898454746137 0.03529411764705882 0.05518763796909492
0 0.3779411764705882 0.41501103752759383 0.026470588235294117 0.052980132450331126
0 0.4036764705882353 0.36644591611479027 0.025 0.04415011037527594
0 0.43676470588235294 0.3355408388520971 0.023529411764705882 0.04415011037527594
0 0.45294117647058824 0.3200883002207506 0.020588235294117647 0.03090507726269316
0 0.5117647058823529 0.2980132450331126 0.01764705882352941 0.03532008830022075
0 0.49558823529411766 0.33002207505518766 0.023529411764705882 0.04194260485651214
0 0.5095588235294117 0.3554083885209713 0.027941176470588237 0.039735099337748346
0 0.4602941176470588 0.3741721854304636 0.026470588235294117 0.037527593818984545
0 0.4117647058823529 0.4911699779249448 0.03823529411764706 0.046357615894039736
0 0.44779411764705884 0.5187637969094923 0.045588235294117645 0.07505518763796909
0 0.5073529411764706 0.4955849889624724 0.03235294117647059 0.05077262693156733
0 0.5191176470588236 0.5562913907284768 0.052941176470588235 0.0706401766004415
0 0.5573529411764706 0.4315673289183223 0.03235294117647059 0.05077262693156733
0 0.5595588235294118 0.3995584988962472 0.027941176470588237 0.04415011037527594
0 0.575 0.3598233995584989 0.023529411764705882 0.039735099337748346
0 0.6485294117647059 0.5397350993377483 0.05 0.09050772626931568
0 0.6882352941176471 0.48123620309050774 0.03823529411764706 0.0706401766004415
0 0.6463235294117647 0.38962472406181015 0.030882352941176472 0.05077262693156733
0 0.6235294117647059 0.3079470198675497 0.023529411764705882 0.046357615894039736
0 0.7147058823529412 0.32339955849889623 0.026470588235294117 0.04194260485651214
0 0.7720588235294118 0.3509933774834437 0.026470588235294117 0.039735099337748346
0 0.7441176470588236 0.44039735099337746 0.03529411764705882 0.0640176600441501
0 0.7904411764705882 0.4845474613686534 0.04852941176470588 0.0728476821192053
0 0.7507352941176471 0.5739514348785872 0.06323529411764706 0.10154525386313466
0 0.8779411764705882 0.5551876379690949 0.052941176470588235 0.09050772626931568
0 0.875 0.4194260485651214 0.03235294117647059 0.04856512141280353
0 0.8720588235294118 0.3465783664459161 0.029411764705882353 0.04415011037527594
0 0.8551470588235294 0.32339955849889623 0.030882352941176472 0.05518763796909492
0 0.7801470588235294 0.30242825607064017 0.022058823529411766 0.039735099337748346
0 0.7772058823529412 0.25938189845474613 0.01911764705882353 0.04194260485651214
0 0.7676470588235295 0.23951434878587197 0.01764705882352941 0.037527593818984545
