0 0.05755395683453238 0.2527027027027027 0.0539568345323741 0.0891891891891892
0 0.11870503597122302 0.2608108108108108 0.05755395683453238 0.0945945945945946
0 0.1591726618705036 0.30405405405405406 0.05575539568345324 0.1
0 0.17176258992805754 0.21486486486486486 0.030575539568345324 0.05675675675675676
0 0.22302158273381295 0.2864864864864865 0.07553956834532374 0.12432432432432433
0 0.30755395683453235 0.29864864864864865 0.07913669064748201 0.12702702702702703
0 0.28597122302158273 0.23513513513513515 0.039568345323741004 0.06486486486486487
0 0.3426258992805755 0.25405405405405407 0.048561151079136694 0.08648648648648649
0 0.38758992805755393 0.21621621621621623 0.02697841726618705 0.043243243243243246
0 0.4037769784172662 0.26216216216216215 0.052158273381294966 0.08648648648648649
0 0.42535971223021585 0.3310810810810811 0.08453237410071943 0.14324324324324325
0 0.48201438848920863 0.28378378378378377 0.0539568345323741 0.0918918918918919
0 0.46223021582733814 0.22567567567567567 0.03597122302158273 0.062162162162162166
0 0.48111510791366907 0.20405405405405405 0.02697841726618705 0.04594594594594595
0 0.5026978417266187 0.23243243243243245 0.03776978417266187 0.07027027027027027
0 0.5503597122302158 0.2797297297297297 0.06474820143884892 0.1
0 0.5872302158273381 0.35135135135135137 0.10251798561151079 0.16216216216216217
0 0.5908273381294964 0.22837837837837838 0.048561151079136694 0.07297297297297298
0 0.6546762589928058 0.27837837837837837 0.05755395683453238 0.10270270270270271
0 0.6789568345323741 0.23648648648648649 0.04136690647482014 0.08378378378378379
0 0.75 0.29324324324324325 0.07194244604316546 0.12162162162162163
0 0.7697841726618705 0.19594594594594594 0.025179856115107913 0.04594594594594595
0 0.8156474820143885 0.19594594594594594 0.030575539568345324 0.05675675675675676
0 0.8615107913669064 0.38513513513513514 0.11870503597122302 0.20270270270270271
0 0.908273381294964 0.3256756756756757 0.07913669064748201 0.14324324324324325
0 0.914568345323741 0.2594594594594595 0.05575539568345324 0.0972972972972973
