0 0.06916666666666667 0.8622222222222222 0.125 0.2222222222222222
0 0.10583333333333333 0.6077777777777778 0.055 0.1
0 0.1675 0.5622222222222222 0.04833333333333333 0.06666666666666667
0 0.22416666666666665 0.5955555555555555 0.065 0.08888888888888889
0 0.29583333333333334 0.6177777777777778 0.055 0.08888888888888889
0 0.3025 0.5466666666666666 0.03833333333333333 0.057777777777777775
0 0.33416666666666667 0.5288888888888889 0.03166666666666667 0.04888888888888889
0 0.35 0.48333333333333334 0.02666666666666667 0.03777777777777778
0 0.365 0.5488888888888889 0.03 0.04
0 0.3825 0.55 0.035 0.06
0 0.4083333333333333 0.58 0.05 0.07555555555555556
0 0.4008333333333333 0.6955555555555556 0.09833333333333333 0.16444444444444445
0 0.4708333333333333 0.6355555555555555 0.058333333333333334 0.09777777777777778
0 0.4725 0.56 0.045 0.057777777777777775
0 0.5158333333333334 0.5966666666666667 0.055 0.08222222222222222
0 0.5525 0.5566666666666666 0.03166666666666667 0.06
0 0.625 0.6022222222222222 0.06666666666666667 0.10666666666666667
0 0.5766666666666667 0.7011111111111111 0.1 0.14444444444444443
0 0.4375 0.5644444444444444 0.03166666666666667 0.044444444444444446
0 0.9175 0.5511111111111111 0.03833333333333333 0.057777777777777775
0 0.9475 0.5722222222222222 0.04833333333333333 0.06444444444444444
0 0.9825 0.5455555555555556 0.03166666666666667 0.06
