0 0.16416666666666666 0.59 0.07166666666666667 0.10444444444444445
0 0.22166666666666668 0.5722222222222222 0.06 0.08666666666666667
0 0.25916666666666666 0.56 0.03833333333333333 0.07555555555555556
0 0.39416666666666667 0.4111111111111111 0.03833333333333333 0.057777777777777775
0 0.5508333333333333 0.5322222222222223 0.04833333333333333 0.07333333333333333
0 0.6458333333333334 0.57 0.058333333333333334 0.08222222222222222
0 0.6858333333333333 0.6422222222222222 0.09833333333333333 0.14666666666666667
0 0.7958333333333333 0.5655555555555556 0.045 0.06444444444444444
0 0.845 0.6355555555555555 0.12666666666666668 0.17333333333333334
0 0.9283333333333333 0.5922222222222222 0.06333333333333334 0.07777777777777778
