0 0.03375 0.5925 0.06416666666666666 0.0775
0 0.03208333333333333 0.5525 0.04583333333333333 0.065
0 0.09958333333333333 0.664375 0.07416666666666667 0.13375
0 0.14666666666666667 0.555 0.051666666666666666 0.1025
0 0.11958333333333333 0.53 0.0475 0.085
0 0.1825 0.588125 0.06166666666666667 0.10625
0 0.22291666666666668 0.664375 0.08416666666666667 0.13125
0 0.285 0.52625 0.05 0.0725
0 0.3333333333333333 0.548125 0.051666666666666666 0.09625
0 0.3825 0.645625 0.06833333333333333 0.10125
0 0.40125 0.5975 0.060833333333333336 0.09
0 0.39916666666666667 0.51875 0.043333333333333335 0.07
0 0.43583333333333335 0.518125 0.03666666666666667 0.06875
0 0.3775 0.7775 0.1 0.1625
0 0.5308333333333334 0.394375 0.09 0.15125
0 0.6020833333333333 0.48875 0.0425 0.0725
0 0.6225 0.4875 0.02666666666666667 0.06
0 0.65625 0.529375 0.04083333333333333 0.08375
0 0.6875 0.5 0.03833333333333333 0.06
0 0.7120833333333333 0.575 0.05416666666666667 0.115
0 0.7408333333333333 0.54875 0.06 0.0975
0 0.7991666666666667 0.484375 0.04 0.06125
0 0.8504166666666667 0.44125 0.04083333333333333 0.0625
0 0.8929166666666667 0.555 0.060833333333333336 0.11
0 0.9008333333333334 0.50875 0.05 0.0675
0 0.9125 0.47375 0.035 0.0625
0 0.95125 0.5525 0.0575 0.0925
0 0.9304166666666667 0.755 0.1275 0.2275
0 0.9470833333333334 0.64875 0.0975 0.13
