0 0.125 0.52 0.146 0.20266666666666666
0 0.05 0.2853333333333333 0.08 0.10133333333333333
0 0.033 0.22266666666666668 0.054 0.07733333333333334
0 0.039 0.17333333333333334 0.046 0.058666666666666666
0 0.049 0.128 0.038 0.048
0 0.061 0.08933333333333333 0.034 0.050666666666666665
0 0.089 0.076 0.026 0.04533333333333334
0 0.104 0.10933333333333334 0.032 0.048
0 0.086 0.13866666666666666 0.032 0.05333333333333334
0 0.117 0.172 0.046 0.06133333333333333
0 0.133 0.13466666666666666 0.042 0.050666666666666665
0 0.148 0.1 0.032 0.04533333333333334
0 0.196 0.116 0.036 0.04533333333333334
0 0.196 0.08666666666666667 0.028 0.034666666666666665
0 0.179 0.17866666666666667 0.058 0.096
0 0.228 0.21466666666666667 0.06 0.07733333333333334
0 0.187 0.2773333333333333 0.074 0.096
0 0.134 0.232 0.06 0.09066666666666667
0 0.218 0.4026666666666667 0.112 0.144
0 0.328 0.31333333333333335 0.076 0.12533333333333332
0 0.366 0.568 0.168 0.22933333333333333
0 0.47 0.404 0.116 0.16266666666666665
0 0.498 0.3 0.088 0.11466666666666667
0 0.422 0.20133333333333334 0.056 0.07733333333333334
0 0.357 0.22933333333333333 0.062 0.09066666666666667
0 0.322 0.192 0.06 0.08
0 0.262 0.152 0.048 0.058666666666666666
0 0.256 0.08 0.024 0.037333333333333336
0 0.295 0.10266666666666667 0.03 0.04
0 0.297 0.14 0.034 0.050666666666666665
0 0.313 0.088 0.03 0.037333333333333336
0 0.375 0.09333333333333334 0.026 0.042666666666666665
0 0.395 0.11066666666666666 0.034 0.04533333333333334
0 0.377 0.14133333333333334 0.038 0.05333333333333334
0 0.459 0.17333333333333334 0.038 0.058666666666666666
0 0.453 0.132 0.034 0.050666666666666665
0 0.469 0.11466666666666667 0.034 0.048
0 0.496 0.10533333333333333 0.028 0.04533333333333334
0 0.533 0.092 0.03 0.04533333333333334
0 0.559 0.13333333333333333 0.046 0.07466666666666667
0 0.536 0.18 0.06 0.08266666666666667
0 0.52 0.23733333333333334 0.072 0.08
0 0.635 0.18133333333333335 0.066 0.096
0 0.681 0.23733333333333334 0.07 0.10133333333333333
0 0.695 0.33466666666666667 0.086 0.12533333333333332
0 0.704 0.4866666666666667 0.128 0.17333333333333334
0 0.658 0.11466666666666667 0.036 0.05333333333333334
0 0.647 0.096 0.03 0.042666666666666665
0 0.644 0.07733333333333334 0.024 0.037333333333333336
0 0.732 0.07866666666666666 0.036 0.06133333333333333
0 0.706 0.108 0.04 0.06133333333333333
0 0.733 0.15466666666666667 0.046 0.064
0 0.758 0.18666666666666668 0.048 0.08
0 0.799 0.208 0.066 0.09066666666666667
0 0.863 0.256 0.074 0.112
0 0.845 0.144 0.05 0.08
0 0.815 0.12933333333333333 0.038 0.06133333333333333
0 0.811 0.076 0.042 0.056
0 0.909 0.09066666666666667 0.042 0.07466666666666667
0 0.935 0.12666666666666668 0.042 0.06133333333333333
0 0.908 0.176 0.048 0.08533333333333333
0 0.961 0.20533333333333334 0.054 0.096
0 0.977 0.152 0.042 0.07466666666666667
0 0.934 0.35333333333333333 0.096 0.152
