0 0.161 0.30319148936170215 0.118 0.22340425531914893
0 0.046 0.3280141843971631 0.04 0.0673758865248227
0 0.045 0.2393617021276596 0.026 0.04609929078014184
0 0.069 0.24645390070921985 0.026 0.05319148936170213
0 0.09 0.23049645390070922 0.02 0.0425531914893617
0 0.099 0.274822695035461 0.026 0.05319148936170213
0 0.219 0.28368794326241137 0.03 0.07092198581560284
0 0.254 0.31560283687943264 0.04 0.07092198581560284
0 0.297 0.2783687943262411 0.026 0.06028368794326241
0 0.271 0.2641843971631206 0.026 0.04609929078014184
0 0.285 0.23404255319148937 0.022 0.04964539007092199
0 0.344 0.23049645390070922 0.02 0.0425531914893617
0 0.37 0.2712765957446808 0.028 0.05319148936170213
0 0.414 0.2695035460992908 0.028 0.04964539007092199
0 0.415 0.23404255319148937 0.018 0.0425531914893617
0 0.382 0.3723404255319149 0.04 0.09219858156028368
0 0.417 0.41312056737588654 0.054 0.10283687943262411
0 0.421 0.524822695035461 0.082 0.16312056737588654
0 0.546 0.6436170212765957 0.1 0.1879432624113475
0 0.551 0.4095744680851064 0.038 0.10283687943262411
0 0.519 0.3404255319148936 0.038 0.07092198581560284
0 0.53 0.30319148936170215 0.032 0.0673758865248227
0 0.478 0.2854609929078014 0.024 0.0673758865248227
0 0.441 0.32269503546099293 0.034 0.07092198581560284
0 0.565 0.28900709219858156 0.022 0.05319148936170213
0 0.618 0.3049645390070922 0.028 0.04964539007092199
0 0.647 0.34397163120567376 0.034 0.07092198581560284
0 0.645 0.2872340425531915 0.022 0.04964539007092199
0 0.67 0.4787234042553192 0.064 0.1347517730496454
0 0.698 0.30851063829787234 0.028 0.06382978723404255
0 0.75 0.3599290780141844 0.032 0.08156028368794327
0 0.793 0.33687943262411346 0.03 0.05673758865248227
0 0.804 0.5673758865248227 0.068 0.15602836879432624
0 0.839 0.36524822695035464 0.03 0.07092198581560284
0 0.856 0.33865248226950356 0.032 0.05319148936170213
0 0.92 0.34574468085106386 0.028 0.06028368794326241
