0 0.08080808080808081 0.4768211920529801 0.044444444444444446 0.0728476821192053
0 0.1191919191919192 0.41225165562913907 0.03232323232323232 0.056291390728476824
0 0.1505050505050505 0.4917218543046358 0.03434343434343434 0.06291390728476821
0 0.16565656565656567 0.42549668874172186 0.028282828282828285 0.056291390728476824
0 0.19797979797979798 0.48344370860927155 0.03636363636363636 0.06622516556291391
0 0.25656565656565655 0.48841059602649006 0.03636363636363636 0.06291390728476821
0 0.22828282828282828 0.4271523178807947 0.028282828282828285 0.052980132450331126
0 0.201010101010101 0.39403973509933776 0.030303030303030304 0.052980132450331126
0 0.22828282828282828 0.3675496688741722 0.024242424242424242 0.052980132450331126
0 0.26464646464646463 0.38741721854304634 0.024242424242424242 0.046357615894039736
0 0.2777777777777778 0.4288079470198676 0.030303030303030304 0.056291390728476824
0 0.28484848484848485 0.37748344370860926 0.024242424242424242 0.046357615894039736
0 0.31313131313131315 0.3890728476821192 0.024242424242424242 0.04966887417218543
0 0.298989898989899 0.47516556291390727 0.028282828282828285 0.0695364238410596
0 0.35555555555555557 0.48013245033112584 0.03636363636363636 0.0728476821192053
0 0.33535353535353535 0.43211920529801323 0.028282828282828285 0.056291390728476824
0 0.3525252525252525 0.3791390728476821 0.026262626262626262 0.04966887417218543
0 0.33131313131313134 0.3576158940397351 0.028282828282828285 0.052980132450331126
0 0.3787878787878788 0.34271523178807944 0.030303030303030304 0.04304635761589404
0 0.38181818181818183 0.3973509933774834 0.028282828282828285 0.052980132450331126
0 0.38686868686868686 0.4503311258278146 0.022222222222222223 0.046357615894039736
0 0.4161616161616162 0.4817880794701987 0.03232323232323232 0.06291390728476821
0 0.44545454545454544 0.4105960264900662 0.030303030303030304 0.059602649006622516
0 0.4313131313131313 0.3890728476821192 0.026262626262626262 0.04304635761589404
0 0.4131313131313131 0.3576158940397351 0.026262626262626262 0.052980132450331126
0 0.44545454545454544 0.3509933774834437 0.022222222222222223 0.046357615894039736
0 0.4707070707070707 0.3741721854304636 0.024242424242424242 0.052980132450331126
0 0.494949494949495 0.47516556291390727 0.03232323232323232 0.076158940397351
0 0.5 0.39403973509933776 0.026262626262626262 0.052980132450331126
0 0.5 0.3526490066225166 0.022222222222222223 0.04304635761589404
0 0.5212121212121212 0.3841059602649007 0.024242424242424242 0.046357615894039736
0 0.5343434343434343 0.4155629139072848 0.022222222222222223 0.04966887417218543
0 0.5575757575757576 0.4735099337748344 0.03636363636363636 0.06622516556291391
0 0.5757575757575758 0.41225165562913907 0.024242424242424242 0.06291390728476821
0 0.5797979797979798 0.3741721854304636 0.024242424242424242 0.039735099337748346
0 0.5454545454545454 0.3576158940397351 0.024242424242424242 0.039735099337748346
0 0.6070707070707071 0.3576158940397351 0.026262626262626262 0.052980132450331126
0 0.602020202020202 0.402317880794702 0.028282828282828285 0.056291390728476824
0 0.6151515151515151 0.4917218543046358 0.030303030303030304 0.06291390728476821
0 0.6656565656565656 0.4735099337748344 0.030303030303030304 0.059602649006622516
0 0.7080808080808081 0.46688741721854304 0.03434343434343434 0.059602649006622516
0 0.7393939393939394 0.4337748344370861 0.03232323232323232 0.059602649006622516
0 0.7131313131313132 0.4139072847682119 0.028282828282828285 0.052980132450331126
0 0.6868686868686869 0.41887417218543044 0.024242424242424242 0.056291390728476824
0 0.6373737373737374 0.42549668874172186 0.030303030303030304 0.056291390728476824
0 0.6616161616161617 0.40728476821192056 0.026262626262626262 0.052980132450331126
0 0.6353535353535353 0.38741721854304634 0.022222222222222223 0.039735099337748346
