0 0.03666666666666667 0.4074074074074074 0.056666666666666664 0.12444444444444444
0 0.0775 0.5155555555555555 0.06166666666666667 0.1451851851851852
0 0.13 0.5577777777777778 0.07666666666666666 0.16148148148148148
0 0.19708333333333333 0.6525925925925926 0.11916666666666667 0.22666666666666666
0 0.22458333333333333 0.7325925925925926 0.12416666666666666 0.19111111111111112
0 0.2625 0.41555555555555557 0.06666666666666667 0.0962962962962963
0 0.3179166666666667 0.4955555555555556 0.07916666666666666 0.1348148148148148
0 0.385 0.5133333333333333 0.06833333333333333 0.11407407407407408
0 0.4320833333333333 0.16296296296296298 0.0675 0.16
0 0.5604166666666667 0.43037037037037035 0.05583333333333333 0.11703703703703704
0 0.65625 0.7237037037037037 0.1275 0.25333333333333335
0 0.6591666666666667 0.4866666666666667 0.1 0.18814814814814815
0 0.6891666666666667 0.4177777777777778 0.058333333333333334 0.12148148148148148
0 0.73875 0.3874074074074074 0.0575 0.12
0 0.7904166666666667 0.4051851851851852 0.050833333333333335 0.09925925925925926
0 0.78875 0.5133333333333333 0.0825 0.1348148148148148
0 0.93 0.4288888888888889 0.08166666666666667 0.15851851851851853
0 0.9629166666666666 0.3814814814814815 0.0625 0.1111111111111111
