0 0.13018867924528302 0.5524079320113314 0.1320754716981132 0.22662889518413598
0 0.1830188679245283 0.43059490084985835 0.09811320754716982 0.15864022662889518
0 0.35660377358490564 0.5269121813031161 0.10566037735849057 0.22662889518413598
0 0.6462264150943396 0.7407932011331445 0.13773584905660377 0.2577903682719547
0 0.8216981132075472 0.5849858356940509 0.12641509433962264 0.26912181303116145
0 0.7377358490566037 0.40793201133144474 0.06415094339622641 0.10764872521246459
0 0.7915094339622641 0.36827195467422097 0.05849056603773585 0.10764872521246459
0 0.7556603773584906 0.1643059490084986 0.05471698113207547 0.10198300283286119
0 0.8603773584905661 0.23512747875354106 0.045283018867924525 0.07365439093484419
0 0.9198113207547169 0.31869688385269124 0.0509433962264151 0.09915014164305949
0 0.9386792452830188 0.4235127478753541 0.06981132075471698 0.1274787535410765
0 0.9726415094339622 0.3286118980169972 0.0509433962264151 0.07932011331444759
0 0.6830188679245283 0.2719546742209632 0.04150943396226415 0.0679886685552408
0 0.6462264150943396 0.29178470254957506 0.04339622641509434 0.06232294617563739
0 0.6122641509433963 0.37677053824362605 0.0509433962264151 0.0906515580736544
0 0.48867924528301887 0.3385269121813031 0.06037735849056604 0.09915014164305949
0 0.47830188679245284 0.26203966005665724 0.03962264150943396 0.059490084985835696
0 0.48867924528301887 0.23229461756373937 0.04150943396226415 0.05099150141643059
0 0.55 0.25920679886685555 0.035849056603773584 0.06515580736543909
0 0.5886792452830188 0.24787535410764872 0.033962264150943396 0.059490084985835696
0 0.4367924528301887 0.2719546742209632 0.035849056603773584 0.07365439093484419
0 0.3858490566037736 0.23087818696883852 0.03962264150943396 0.06515580736543909
0 0.36792452830188677 0.19971671388101983 0.03018867924528302 0.04815864022662889
0 0.2943396226415094 0.3101983002832861 0.04905660377358491 0.09915014164305949
0 0.21320754716981133 0.3073654390934844 0.052830188679245285 0.08781869688385269
0 0.2188679245283019 0.26203966005665724 0.04150943396226415 0.0764872521246459
0 0.09528301886792453 0.26062322946175637 0.03962264150943396 0.06232294617563739
0 0.057547169811320756 0.2563739376770538 0.04716981132075472 0.08781869688385269
0 0.03962264150943396 0.2096317280453258 0.04150943396226415 0.06232294617563739
