0 0.13 0.74644128113879 0.158 0.297153024911032
0 0.2155 0.5338078291814946 0.079 0.15302491103202848
0 0.3515 0.498220640569395 0.067 0.12811387900355872
0 0.41 0.5640569395017794 0.09 0.14590747330960854
0 0.4425 0.45640569395017794 0.049 0.09430604982206406
0 0.4945 0.5151245551601423 0.063 0.10498220640569395
0 0.787 0.6103202846975089 0.074 0.12811387900355872
0 0.87 0.5711743772241993 0.092 0.16725978647686832
0 0.8135 0.48665480427046265 0.051 0.09430604982206406
0 0.785 0.44217081850533807 0.048 0.09430604982206406
0 0.757 0.2846975088967972 0.048 0.07829181494661921
0 0.935 0.47597864768683273 0.062 0.11921708185053381
