0 0.100169779286927 0.40268456375838924 0.06451612903225806 0.1476510067114094
0 0.10696095076400679 0.2214765100671141 0.050933786078098474 0.10738255033557047
0 0.21392190152801357 0.2550335570469799 0.05432937181663837 0.11409395973154363
0 0.2835314091680815 0.4395973154362416 0.06451612903225806 0.12080536912751678
0 0.3310696095076401 0.26677852348993286 0.044142614601018676 0.11073825503355705
0 0.39473684210526316 0.26174496644295303 0.04584040747028863 0.11409395973154363
0 0.41935483870967744 0.44966442953020136 0.06112054329371817 0.1476510067114094
0 0.48047538200339557 0.25671140939597314 0.04753820033955857 0.1040268456375839
0 0.565365025466893 0.41442953020134227 0.050933786078098474 0.13087248322147652
0 0.5814940577249575 0.3070469798657718 0.04584040747028863 0.09731543624161074
0 0.565365025466893 0.2483221476510067 0.03735144312393888 0.087248322147651
0 0.6706281833616299 0.28859060402684567 0.044142614601018676 0.09395973154362416
0 0.735144312393888 0.27684563758389263 0.044142614601018676 0.09731543624161074
0 0.7758913412563667 0.2986577181208054 0.03735144312393888 0.10738255033557047
0 0.7173174872665535 0.42449664429530204 0.04584040747028863 0.09731543624161074
0 0.8149405772495756 0.45805369127516776 0.044142614601018676 0.1040268456375839
0 0.8828522920203735 0.313758389261745 0.04753820033955857 0.1040268456375839
0 0.8853989813242784 0.4815436241610738 0.04923599320882852 0.1174496644295302
0 0.9261460101867572 0.29194630872483224 0.035653650254668934 0.08053691275167785
0 0.9787775891341256 0.4463087248322148 0.03904923599320883 0.10067114093959731
