0 0.060625 0.6016666666666667 0.08625 0.12666666666666668
0 0.11875 0.5391666666666667 0.0375 0.058333333333333334
0 0.121875 0.5033333333333333 0.03875 0.04666666666666667
0 0.195625 0.5658333333333333 0.05625 0.08833333333333333
0 0.195 0.5058333333333334 0.0375 0.04833333333333333
0 0.23625 0.49583333333333335 0.035 0.058333333333333334
0 0.286875 0.47833333333333333 0.02625 0.043333333333333335
0 0.26125 0.7 0.105 0.15
0 0.343125 0.5708333333333333 0.04625 0.06833333333333333
0 0.38875 0.5166666666666667 0.0375 0.05333333333333334
0 0.370625 0.5066666666666667 0.02375 0.04
0 0.38875 0.4816666666666667 0.0225 0.03333333333333333
0 0.3425 0.49 0.025 0.03666666666666667
0 0.444375 0.5333333333333333 0.03875 0.05333333333333334
0 0.429375 0.4875 0.02375 0.03166666666666667
0 0.431875 0.4675 0.01375 0.021666666666666667
0 0.48125 0.4891666666666667 0.02 0.03166666666666667
0 0.485625 0.4691666666666667 0.01875 0.021666666666666667
0 0.473125 0.475 0.01625 0.02666666666666667
0 0.509375 0.5108333333333334 0.02875 0.041666666666666664
0 0.510625 0.4683333333333333 0.01625 0.02666666666666667
0 0.534375 0.4791666666666667 0.02375 0.041666666666666664
0 0.55875 0.49583333333333335 0.0375 0.058333333333333334
0 0.590625 0.49416666666666664 0.02375 0.041666666666666664
0 0.625625 0.48583333333333334 0.02375 0.03833333333333333
0 0.65125 0.475 0.0175 0.02666666666666667
0 0.666875 0.4825 0.02125 0.035
0 0.690625 0.4725 0.02375 0.03166666666666667
0 0.70875 0.4675 0.02 0.03166666666666667
0 0.72625 0.5008333333333334 0.0275 0.045
0 0.71125 0.5258333333333334 0.0375 0.058333333333333334
0 0.65875 0.5383333333333333 0.0325 0.056666666666666664
0 0.615625 0.5633333333333334 0.04625 0.06
0 0.551875 0.6283333333333333 0.06125 0.09666666666666666
0 0.471875 0.7341666666666666 0.10375 0.165
0 0.793125 0.55 0.03625 0.06666666666666667
0 0.758125 0.5058333333333334 0.02625 0.041666666666666664
0 0.769375 0.48833333333333334 0.01875 0.03666666666666667
0 0.784375 0.48333333333333334 0.02125 0.03333333333333333
0 0.791875 0.4691666666666667 0.01875 0.03166666666666667
0 0.810625 0.4775 0.01625 0.03166666666666667
0 0.83625 0.48583333333333334 0.0175 0.035
0 0.849375 0.5016666666666667 0.02625 0.04
0 0.858125 0.4766666666666667 0.01625 0.03
0 0.909375 0.5125 0.03625 0.06833333333333333
0 0.934375 0.47833333333333333 0.02375 0.03333333333333333
0 0.959375 0.4925 0.01875 0.028333333333333332
0 0.984375 0.51 0.02875 0.05
0 0.8725 0.5875 0.06 0.085
0 0.86625 0.6366666666666667 0.07 0.11
