0 0.06166666666666667 0.5796460176991151 0.10833333333333334 0.23008849557522124
0 0.24 0.40634218289085544 0.08833333333333333 0.16371681415929204
0 0.3045833333333333 0.3141592920353982 0.06916666666666667 0.14454277286135694
0 0.3279166666666667 0.6784660766961652 0.14416666666666667 0.2890855457227139
0 0.40458333333333335 0.3001474926253687 0.0475 0.10176991150442478
0 0.49833333333333335 0.2890855457227139 0.05 0.10029498525073746
0 0.6033333333333334 0.23967551622418878 0.043333333333333335 0.08997050147492626
0 0.6295833333333334 0.6157817109144543 0.10416666666666667 0.23156342182890854
0 0.6433333333333333 0.4690265486725664 0.09 0.15634218289085547
0 0.8070833333333334 0.3407079646017699 0.0625 0.12684365781710916
0 0.8675 0.3967551622418879 0.08333333333333333 0.1592920353982301
0 0.8470833333333333 0.3112094395280236 0.0475 0.0943952802359882
0 0.8516666666666667 0.26253687315634217 0.04666666666666667 0.07964601769911504
