0 0.21166666666666667 0.3844444444444444 0.03 0.044444444444444446
0 0.12166666666666667 0.45 0.03333333333333333 0.04666666666666667
0 0.09333333333333334 0.4777777777777778 0.03333333333333333 0.044444444444444446
0 0.09166666666666666 0.5122222222222222 0.03333333333333333 0.04666666666666667
0 0.04666666666666667 0.5211111111111111 0.056666666666666664 0.06444444444444444
0 0.30916666666666665 0.49333333333333335 0.041666666666666664 0.05333333333333334
0 0.3233333333333333 0.5555555555555556 0.05333333333333334 0.07111111111111111
0 0.3975 0.59 0.085 0.1
0 0.435 0.6611111111111111 0.10333333333333333 0.13111111111111112
0 0.485 0.8066666666666666 0.14 0.17777777777777778
0 0.33 0.45111111111111113 0.03333333333333333 0.035555555555555556
0 0.35 0.43333333333333335 0.023333333333333334 0.03111111111111111
0 0.37916666666666665 0.4588888888888889 0.028333333333333332 0.03777777777777778
0 0.4241666666666667 0.4822222222222222 0.03166666666666667 0.044444444444444446
0 0.44 0.5211111111111111 0.05333333333333334 0.06
0 0.41833333333333333 0.43777777777777777 0.023333333333333334 0.035555555555555556
0 0.485 0.4588888888888889 0.03333333333333333 0.04666666666666667
0 0.5041666666666667 0.4777777777777778 0.03166666666666667 0.05333333333333334
0 0.5516666666666666 0.5077777777777778 0.04666666666666667 0.06
0 0.5741666666666667 0.4688888888888889 0.03166666666666667 0.044444444444444446
0 0.6008333333333333 0.44666666666666666 0.028333333333333332 0.04
0 0.6241666666666666 0.5344444444444445 0.051666666666666666 0.06444444444444444
0 0.6616666666666666 0.5011111111111111 0.03333333333333333 0.05555555555555555
0 0.6391666666666667 0.46 0.028333333333333332 0.03111111111111111
0 0.6608333333333334 0.4477777777777778 0.018333333333333333 0.03333333333333333
0 0.72 0.4444444444444444 0.03 0.044444444444444446
0 0.7308333333333333 0.5333333333333333 0.045 0.06222222222222222
0 0.6858333333333333 0.63 0.09166666666666666 0.13111111111111112
0 0.545 0.5866666666666667 0.07 0.08
0 0.47583333333333333 0.5366666666666666 0.051666666666666666 0.06
0 0.8333333333333334 0.5644444444444444 0.06333333333333334 0.08888888888888889
0 0.7866666666666666 0.4866666666666667 0.03333333333333333 0.06222222222222222
0 0.7908333333333334 0.45111111111111113 0.041666666666666664 0.04888888888888889
0 0.8808333333333334 0.48444444444444446 0.03833333333333333 0.057777777777777775
0 0.91 0.5022222222222222 0.04666666666666667 0.06666666666666667
0 0.9566666666666667 0.5433333333333333 0.04666666666666667 0.07777777777777778
0 0.9541666666666667 0.7166666666666667 0.085 0.14
0 0.9325 0.8522222222222222 0.13166666666666665 0.20222222222222222
