0 0.5171875 0.5556858147713951 0.04375 0.07737397420867527
0 0.298046875 0.5117233294255569 0.04296875 0.07620164126611957
0 0.268359375 0.518757327080891 0.03515625 0.06447831184056271
0 0.179296875 0.5 0.03203125 0.04806565064478312
0 0.123828125 0.48300117233294254 0.03359375 0.044548651817116064
0 0.09609375 0.47245017584994137 0.025 0.03985932004689332
0 0.158203125 0.44431418522860494 0.01796875 0.032825322391559206
0 0.209375 0.45310668229777257 0.0234375 0.03399765533411489
0 0.22421875 0.44079718640093785 0.015625 0.03048065650644783
0 0.242578125 0.4548651817116061 0.02578125 0.044548651817116064
0 0.25078125 0.4425556858147714 0.0171875 0.029308323563892145
0 0.2734375 0.4642438452520516 0.025 0.04220398593200469
0 0.319140625 0.4742086752637749 0.03203125 0.04572098475967175
0 0.325 0.44431418522860494 0.021875 0.032825322391559206
0 0.326953125 0.42262602579132474 0.01796875 0.0246189917936694
0 0.304296875 0.4249706916764361 0.01796875 0.03634232121922626
0 0.36875 0.44607268464243843 0.0234375 0.038686987104337635
0 0.3828125 0.4771395076201641 0.0296875 0.0492379835873388
0 0.413671875 0.4618991793669402 0.02265625 0.04220398593200469
0 0.435546875 0.4876905041031653 0.03203125 0.053927315357561546
0 0.426953125 0.43024618991793667 0.01953125 0.032825322391559206
0 0.4359375 0.41031652989449 0.01875 0.032825322391559206
0 0.3953125 0.42672919109026963 0.0234375 0.03751465416178194
0 0.378515625 0.41617819460726846 0.01484375 0.02579132473622509
0 0.44921875 0.4079718640093787 0.01875 0.02813599062133646
0 0.480078125 0.4361078546307151 0.02265625 0.04220398593200469
0 0.48984375 0.48124267291910905 0.0390625 0.05509964830011723
0 0.521484375 0.48007033997655335 0.02734375 0.04806565064478312
0 0.520703125 0.43259085580304807 0.01953125 0.03985932004689332
0 0.5015625 0.41852286049237986 0.0171875 0.03048065650644783
0 0.49453125 0.3950762016412661 0.0125 0.023446658851113716
0 0.5109375 0.4079718640093787 0.015625 0.02579132473622509
0 0.5484375 0.4208675263774912 0.015625 0.03048065650644783
0 0.576171875 0.4396248534583822 0.02421875 0.04220398593200469
0 0.583203125 0.5117233294255569 0.03984375 0.06213364595545135
0 0.608984375 0.488862837045721 0.02734375 0.0492379835873388
0 0.67109375 0.5269636576787807 0.04375 0.0668229777256741
0 0.55859375 0.40504103165298944 0.0203125 0.029308323563892145
0 0.54453125 0.3886283704572098 0.0140625 0.022274325908558032
0 0.570703125 0.3892145369284877 0.01484375 0.02579132473622509
0 0.579296875 0.40504103165298944 0.01328125 0.0246189917936694
0 0.594140625 0.4167643610785463 0.01953125 0.03399765533411489
0 0.601953125 0.3892145369284877 0.01328125 0.02579132473622509
0 0.591015625 0.37631887456037516 0.01484375 0.02813599062133646
0 0.620703125 0.3745603751465416 0.01171875 0.01992966002344666
0 0.62421875 0.41500586166471276 0.0171875 0.032825322391559206
0 0.637890625 0.3898007033997655 0.01484375 0.026963657678780773
0 0.64921875 0.38042203985932005 0.015625 0.022274325908558032
0 0.65859375 0.40504103165298944 0.0171875 0.026963657678780773
0 0.652734375 0.4249706916764361 0.02265625 0.03634232121922626
0 0.690234375 0.44196951934349354 0.02265625 0.044548651817116064
0 0.7015625 0.4296600234466589 0.01875 0.038686987104337635
0 0.701171875 0.4026963657678781 0.01484375 0.026963657678780773
0 0.682421875 0.38452520515826494 0.01484375 0.023446658851113716
0 0.668359375 0.3862837045720985 0.01328125 0.022274325908558032
0 0.6671875 0.37631887456037516 0.015625 0.023446658851113716
0 0.7203125 0.3786635404454865 0.0140625 0.021101992966002344
0 0.72890625 0.3810082063305979 0.0109375 0.023446658851113716
0 0.736328125 0.3851113716295428 0.01640625 0.0246189917936694
0 0.745703125 0.37807737397420865 0.01640625 0.026963657678780773
0 0.753125 0.33294255568581477 0.0109375 0.01875732708089097
0 0.769140625 0.335873388042204 0.01484375 0.0246189917936694
0 0.744140625 0.4155920281359906 0.01953125 0.031652989449003514
0 0.76015625 0.38452520515826494 0.0140625 0.02813599062133646
0 0.775 0.4449003516998828 0.0265625 0.04572098475967175
0 0.76796875 0.49941383352872215 0.0390625 0.06096131301289566
0 0.79453125 0.41617819460726846 0.0171875 0.035169988276670575
0 0.792578125 0.38686987104337633 0.01171875 0.023446658851113716
0 0.84609375 0.3323563892145369 0.0109375 0.017584994138335287
0 0.83046875 0.388042203985932 0.0171875 0.032825322391559206
0 0.846875 0.4249706916764361 0.0296875 0.05041031652989449
0 0.828515625 0.42907385697538103 0.02265625 0.03985932004689332
