0 0.04363636363636364 0.3319672131147541 0.05090909090909091 0.07923497267759563
0 0.03727272727272727 0.28415300546448086 0.04181818181818182 0.07103825136612021
0 0.017272727272727273 0.1721311475409836 0.03090909090909091 0.0546448087431694
0 0.10363636363636364 0.2923497267759563 0.03272727272727273 0.060109289617486336
0 0.10272727272727272 0.3907103825136612 0.056363636363636366 0.09836065573770492
0 0.15181818181818182 0.3319672131147541 0.038181818181818185 0.07377049180327869
0 0.1990909090909091 0.2978142076502732 0.03090909090909091 0.060109289617486336
0 0.22727272727272727 0.2923497267759563 0.025454545454545455 0.060109289617486336
0 0.2590909090909091 0.39344262295081966 0.05272727272727273 0.09836065573770492
0 0.2963636363636364 0.4521857923497268 0.05818181818181818 0.11202185792349727
0 0.29 0.33469945355191255 0.02727272727272727 0.05191256830601093
0 0.3090909090909091 0.29508196721311475 0.02909090909090909 0.04371584699453552
0 0.3809090909090909 0.3114754098360656 0.03090909090909091 0.0546448087431694
0 0.37272727272727274 0.35792349726775957 0.03636363636363636 0.060109289617486336
0 0.41454545454545455 0.3989071038251366 0.04363636363636364 0.08196721311475409
0 0.44181818181818183 0.4576502732240437 0.05090909090909091 0.09016393442622951
0 0.4809090909090909 0.33879781420765026 0.023636363636363636 0.04918032786885246
0 0.5054545454545455 0.3702185792349727 0.02909090909090909 0.06830601092896176
0 0.5254545454545455 0.3825136612021858 0.03272727272727273 0.06557377049180328
0 0.5609090909090909 0.4412568306010929 0.04181818181818182 0.08469945355191257
0 0.5672727272727273 0.34972677595628415 0.025454545454545455 0.04918032786885246
0 0.5681818181818182 0.319672131147541 0.023636363636363636 0.04918032786885246
0 0.6018181818181818 0.3743169398907104 0.03272727272727273 0.06557377049180328
0 0.6590909090909091 0.3360655737704918 0.02727272727272727 0.04918032786885246
0 0.6836363636363636 0.3592896174863388 0.02909090909090909 0.05737704918032787
0 0.6972727272727273 0.3797814207650273 0.03090909090909091 0.060109289617486336
0 0.68 0.4412568306010929 0.04363636363636364 0.07377049180327869
0 0.7272727272727273 0.33879781420765026 0.02909090909090909 0.0546448087431694
0 0.78 0.35382513661202186 0.03272727272727273 0.05191256830601093
0 0.7945454545454546 0.38934426229508196 0.03272727272727273 0.06284153005464481
0 0.8254545454545454 0.4275956284153005 0.03636363636363636 0.07377049180327869
0 0.94 0.2978142076502732 0.02909090909090909 0.04918032786885246
