0 0.07578125 0.6279342723004695 0.1046875 0.19014084507042253
0 0.01640625 0.44835680751173707 0.0296875 0.06572769953051644
0 0.11875 0.5152582159624414 0.05625 0.08215962441314555
0 0.24453125 0.5551643192488263 0.0671875 0.11502347417840375
0 0.4875 0.3403755868544601 0.05625 0.11737089201877934
0 0.6328125 0.41431924882629106 0.034375 0.0539906103286385
0 0.690625 0.41901408450704225 0.03125 0.05868544600938967
0 0.7796875 0.4307511737089202 0.03125 0.06338028169014084
0 0.84140625 0.36502347417840375 0.0265625 0.04929577464788732
0 0.9484375 0.3814553990610329 0.034375 0.05868544600938967
0 0.9734375 0.24178403755868544 0.021875 0.046948356807511735
0 0.8859375 0.562206572769953 0.053125 0.09154929577464789
0 0.8015625 0.5821596244131455 0.059375 0.09859154929577464
