0 0.18166666666666667 0.8402439024390244 0.11333333333333333 0.16341463414634147
0 0.09333333333333334 0.3207317073170732 0.056666666666666664 0.08048780487804878
0 0.7391666666666666 0.7853658536585366 0.115 0.2097560975609756
0 0.6891666666666667 0.44878048780487806 0.065 0.1073170731707317
0 0.4533333333333333 0.6170731707317073 0.06333333333333334 0.12195121951219512
0 0.41583333333333333 0.45975609756097563 0.045 0.06097560975609756
0 0.34 0.5695121951219512 0.05333333333333334 0.08048780487804878
0 0.37333333333333335 0.275609756097561 0.03666666666666667 0.06829268292682927
0 0.5125 0.28780487804878047 0.03833333333333333 0.06829268292682927
0 0.5883333333333334 0.29634146341463413 0.03333333333333333 0.06097560975609756
0 0.6583333333333333 0.27926829268292686 0.03 0.046341463414634146
0 0.7183333333333334 0.2731707317073171 0.03 0.04878048780487805
0 0.785 0.30853658536585366 0.05 0.07560975609756097
0 0.7741666666666667 0.39390243902439026 0.065 0.1048780487804878
0 0.8383333333333334 0.34146341463414637 0.056666666666666664 0.08780487804878048
0 0.9491666666666667 0.2841463414634146 0.035 0.06585365853658537
