0 0.2625 0.4323308270676692 0.08 0.10526315789473684
0 0.51 0.38345864661654133 0.035 0.05263157894736842
0 0.60625 0.36278195488721804 0.0275 0.04887218045112782
0 0.62375 0.40225563909774437 0.0425 0.06766917293233082
0 0.675 0.34774436090225563 0.025 0.04887218045112782
0 0.71625 0.37969924812030076 0.0275 0.05263157894736842
0 0.7325 0.32706766917293234 0.025 0.045112781954887216
0 0.7775 0.34774436090225563 0.03 0.041353383458646614
0 0.82875 0.3458646616541353 0.0275 0.03759398496240601
0 0.8375 0.4398496240601504 0.055 0.09774436090225563
0 0.90875 0.41541353383458646 0.0425 0.06390977443609022
0 0.96375 0.37218045112781956 0.0375 0.05263157894736842
0 0.9725 0.34774436090225563 0.035 0.05639097744360902
