0 0.025 0.3530042918454936 0.03571428571428571 0.06652360515021459
0 0.07142857142857142 0.4002145922746781 0.04 0.06652360515021459
0 0.105 0.3562231759656652 0.02142857142857143 0.04721030042918455
0 0.15928571428571428 0.4291845493562232 0.03571428571428571 0.060085836909871244
0 0.15714285714285714 0.3605150214592275 0.022857142857142857 0.03862660944206009
0 0.21071428571428572 0.3948497854077253 0.032857142857142856 0.04721030042918455
0 0.2307142857142857 0.5525751072961373 0.06714285714285714 0.10085836909871244
0 0.24285714285714285 0.48605150214592274 0.04 0.06223175965665236
0 0.25285714285714284 0.44527896995708155 0.02857142857142857 0.0536480686695279
0 0.3092857142857143 0.48283261802575106 0.03571428571428571 0.060085836909871244
0 0.37642857142857145 0.5987124463519313 0.07571428571428572 0.11587982832618025
0 0.45 0.5547210300429185 0.05142857142857143 0.08369098712446352
0 0.3142857142857143 0.3701716738197425 0.025714285714285714 0.03648068669527897
0 0.3707142857142857 0.37124463519313305 0.018571428571428572 0.034334763948497854
0 0.3442857142857143 0.43240343347639487 0.02857142857142857 0.0536480686695279
0 0.4564285714285714 0.4002145922746781 0.024285714285714285 0.0407725321888412
0 0.44357142857142856 0.36909871244635195 0.02142857142857143 0.034334763948497854
0 0.49357142857142855 0.398068669527897 0.02142857142857143 0.03648068669527897
0 0.5185714285714286 0.5697424892703863 0.037142857142857144 0.07081545064377683
0 0.5428571428571428 0.5772532188841202 0.045714285714285714 0.07725321888412018
0 0.5978571428571429 0.5332618025751072 0.03571428571428571 0.06223175965665236
0 0.6328571428571429 0.5321888412017167 0.03142857142857143 0.060085836909871244
0 0.5835714285714285 0.434549356223176 0.027142857142857142 0.04935622317596566
0 0.5557142857142857 0.37553648068669526 0.017142857142857144 0.034334763948497854
0 0.6421428571428571 0.463519313304721 0.032857142857142856 0.04721030042918455
0 0.6814285714285714 0.4699570815450644 0.025714285714285714 0.05150214592274678
0 0.7207142857142858 0.5171673819742489 0.027142857142857142 0.05150214592274678
0 0.7342857142857143 0.4721030042918455 0.022857142857142857 0.04291845493562232
0 0.6928571428571428 0.3916309012875536 0.014285714285714285 0.032188841201716736
0 0.7321428571428571 0.41738197424892703 0.027142857142857142 0.03648068669527897
0 0.7557142857142857 0.5171673819742489 0.02857142857142857 0.05150214592274678
0 0.8014285714285714 0.51931330472103 0.04 0.07296137339055794
0 0.7985714285714286 0.45278969957081544 0.022857142857142857 0.03862660944206009
0 0.8685714285714285 0.51931330472103 0.037142857142857144 0.06437768240343347
0 0.9107142857142857 0.5021459227467812 0.03 0.05150214592274678
0 0.9178571428571428 0.45278969957081544 0.027142857142857142 0.03862660944206009
0 0.9807142857142858 0.5107296137339056 0.02142857142857143 0.04721030042918455
