0 0.21041666666666667 0.49583333333333335 0.041666666666666664 0.06388888888888888
0 0.23541666666666666 0.5069444444444444 0.03333333333333333 0.05277777777777778
0 0.20520833333333333 0.4111111111111111 0.03125 0.044444444444444446
0 0.30416666666666664 0.49166666666666664 0.0375 0.06111111111111111
0 0.3625 0.4930555555555556 0.03333333333333333 0.058333333333333334
0 0.415625 0.5027777777777778 0.035416666666666666 0.05555555555555555
0 0.496875 0.5152777777777777 0.03125 0.041666666666666664
0 0.5552083333333333 0.5138888888888888 0.027083333333333334 0.044444444444444446
0 0.6552083333333333 0.45555555555555555 0.035416666666666666 0.05
0 0.6802083333333333 0.49583333333333335 0.035416666666666666 0.05277777777777778
0 0.7260416666666667 0.4861111111111111 0.04375 0.06111111111111111
