0 0.046 0.5096774193548387 0.084 0.15483870967741936
0 0.1 0.40483870967741936 0.04 0.08709677419354839
0 0.081 0.29516129032258065 0.03 0.06129032258064516
0 0.171 0.5435483870967742 0.11 0.1967741935483871
0 0.186 0.3903225806451613 0.04 0.08387096774193549
0 0.23 0.3709677419354839 0.032 0.06451612903225806
0 0.237 0.3064516129032258 0.022 0.04516129032258064
0 0.295 0.38870967741935486 0.042 0.06774193548387097
0 0.33 0.36612903225806454 0.028 0.054838709677419356
0 0.277 0.2806451612903226 0.022 0.04516129032258064
0 0.504 0.3467741935483871 0.036 0.06129032258064516
0 0.585 0.3467741935483871 0.026 0.054838709677419356
0 0.754 0.48870967741935484 0.076 0.13225806451612904
0 0.824 0.5741935483870968 0.12 0.2064516129032258
0 0.832 0.4403225806451613 0.076 0.13225806451612904
0 0.774 0.3935483870967742 0.068 0.12258064516129032
