0 0.06498194945848375 0.48633879781420764 0.05054151624548736 0.09289617486338798
0 0.02527075812274368 0.40710382513661203 0.032490974729241874 0.04918032786885246
0 0.04783393501805054 0.41939890710382516 0.023465703971119134 0.040983606557377046
0 0.0631768953068592 0.41939890710382516 0.02888086642599278 0.05191256830601093
0 0.08754512635379061 0.45491803278688525 0.03790613718411552 0.07377049180327869
0 0.1407942238267148 0.412568306010929 0.02527075812274368 0.0546448087431694
0 0.19945848375451264 0.48770491803278687 0.048736462093862815 0.10109289617486339
0 0.18050541516245489 0.4453551912568306 0.032490974729241874 0.060109289617486336
0 0.11371841155234658 0.37841530054644806 0.018050541516245487 0.030054644808743168
0 0.07310469314079422 0.3702185792349727 0.01263537906137184 0.01912568306010929
0 0.05595667870036101 0.3729508196721312 0.01444043321299639 0.02459016393442623
0 0.04061371841155235 0.38524590163934425 0.01263537906137184 0.02185792349726776
0 0.35379061371841153 0.43579234972677594 0.032490974729241874 0.07377049180327869
0 0.3799638989169675 0.4166666666666667 0.02707581227436823 0.04644808743169399
0 0.45938628158844763 0.4371584699453552 0.030685920577617327 0.07103825136612021
0 0.5081227436823105 0.40710382513661203 0.030685920577617327 0.04918032786885246
0 0.5640794223826715 0.4344262295081967 0.030685920577617327 0.0546448087431694
0 0.6128158844765343 0.4781420765027322 0.048736462093862815 0.07650273224043716
0 0.6236462093862816 0.4248633879781421 0.03429602888086643 0.05191256830601093
0 0.6877256317689531 0.45491803278688525 0.04332129963898917 0.07923497267759563
0 0.6723826714801444 0.4180327868852459 0.02707581227436823 0.04918032786885246
0 0.694043321299639 0.4057377049180328 0.019855595667870037 0.04644808743169399
0 0.7184115523465704 0.4139344262295082 0.021660649819494584 0.05191256830601093
0 0.7364620938628159 0.4057377049180328 0.018050541516245487 0.040983606557377046
0 0.76985559566787 0.4494535519125683 0.03429602888086643 0.06284153005464481
0 0.8366425992779783 0.4275956284153005 0.030685920577617327 0.05191256830601093
0 0.8853790613718412 0.4098360655737705 0.023465703971119134 0.0546448087431694
0 0.9332129963898917 0.4139344262295082 0.02888086642599278 0.04644808743169399
0 0.6263537906137184 0.38934426229508196 0.02527075812274368 0.03551912568306011
0 0.6028880866425993 0.3825136612021858 0.021660649819494584 0.03278688524590164
0 0.5740072202166066 0.3866120218579235 0.01444043321299639 0.030054644808743168
0 0.47021660649819497 0.3866120218579235 0.016245487364620937 0.030054644808743168
0 0.4287003610108303 0.41939890710382516 0.02707581227436823 0.04644808743169399
0 0.4359205776173285 0.39207650273224043 0.019855595667870037 0.030054644808743168
0 0.45306859205776173 0.37158469945355194 0.01444043321299639 0.02185792349726776
0 0.3276173285198556 0.3907103825136612 0.019855595667870037 0.03825136612021858
0 0.3095667870036101 0.3948087431693989 0.016245487364620937 0.03551912568306011
0 0.2743682310469314 0.3797814207650273 0.018050541516245487 0.0273224043715847
0 0.23826714801444043 0.3866120218579235 0.018050541516245487 0.030054644808743168
0 0.22472924187725632 0.37158469945355194 0.016245487364620937 0.0273224043715847
0 0.20306859205776173 0.3743169398907104 0.016245487364620937 0.02185792349726776
0 0.16967509025270758 0.37158469945355194 0.01444043321299639 0.0273224043715847
