0 0.09653270291568164 0.6625295508274232 0.05279747832939322 0.08628841607565012
0 0.04728132387706856 0.6341607565011821 0.04412923561859732 0.06264775413711583
0 0.08037825059101655 0.6176122931442081 0.0504334121355398 0.0673758865248227
0 0.20803782505910165 0.692080378250591 0.05673758865248227 0.08865248226950355
0 0.26674546887312844 0.6140661938534279 0.046493301812450746 0.0768321513002364
0 0.2702915681639086 0.58274231678487 0.0252167060677699 0.04491725768321513
0 0.28211189913317575 0.5667848699763594 0.03309692671394799 0.04846335697399527
0 0.3620961386918834 0.6199763593380615 0.04491725768321513 0.0768321513002364
0 0.3561859732072498 0.5721040189125296 0.03309692671394799 0.037825059101654845
0 0.5386130811662726 0.4929078014184397 0.027580772261623327 0.0591016548463357
0 0.7695035460992907 0.5898345153664303 0.02442868400315209 0.04491725768321513
0 0.8037825059101655 0.6099290780141844 0.04097714736012608 0.06855791962174941
0 0.838849487785658 0.5449172576832151 0.026004728132387706 0.037825059101654845
0 0.8569739952718676 0.5567375886524822 0.026004728132387706 0.04728132387706856
0 0.9066193853427896 0.6111111111111112 0.04176516942474389 0.07092198581560284
0 0.9239558707643813 0.5910165484633569 0.038613081166272656 0.0591016548463357
0 0.9314420803782506 0.6790780141843972 0.06461780929866036 0.1099290780141844
0 0.9881796690307328 0.5472813238770685 0.02206461780929866 0.04964539007092199
