0 0.126875 0.5975609756097561 0.22125 0.324577861163227
0 0.06625 0.25046904315197 0.1025 0.15196998123827393
0 0.145 0.17636022514071295 0.075 0.1200750469043152
0 0.31625 0.20825515947467166 0.065 0.1350844277673546
0 0.405 0.3151969981238274 0.1425 0.28142589118198874
0 0.61 0.20168855534709193 0.085 0.1669793621013133
0 0.718125 0.19418386491557224 0.06625 0.13696060037523453
0 0.701875 0.7073170731707317 0.24125 0.4803001876172608
0 0.8975 0.4343339587242026 0.145 0.28330206378986866
0 0.965625 0.16041275797373358 0.06625 0.14446529080675422
