0 0.12125 0.8091666666666667 0.17 0.20833333333333334
0 0.071875 0.68 0.10875 0.16333333333333333
0 0.1925 0.7183333333333334 0.1175 0.18333333333333332
0 0.324375 0.8 0.16125 0.20333333333333334
0 0.344375 0.6741666666666667 0.10625 0.17833333333333334
0 0.473125 0.7175 0.11875 0.185
0 0.6325 0.7608333333333334 0.1425 0.215
0 0.614375 0.6633333333333333 0.09375 0.12666666666666668
0 0.758125 0.71 0.12375 0.19333333333333333
0 0.824375 0.7075 0.10625 0.16166666666666665
0 0.9675 0.7541666666666667 0.0625 0.22166666666666668
0 0.320625 0.3125 0.12125 0.165
