0 0.29 0.5190735694822888 0.03090909090909091 0.051771117166212535
0 0.9027272727272727 0.9155313351498637 0.04181818181818182 0.05994550408719346
0 0.6463636363636364 0.8923705722070845 0.04181818181818182 0.06267029972752043
0 0.56 0.8787465940054496 0.04363636363636364 0.05722070844686648
0 0.5354545454545454 0.952316076294278 0.05272727272727273 0.07901907356948229
0 0.4590909090909091 0.9618528610354223 0.05272727272727273 0.07084468664850137
0 0.4072727272727273 0.9114441416893733 0.05090909090909091 0.07901907356948229
0 0.4509090909090909 0.9059945504087193 0.04363636363636364 0.06267029972752043
0 0.46545454545454545 0.8746594005449592 0.03636363636363636 0.05994550408719346
0 0.37545454545454543 0.8542234332425068 0.04181818181818182 0.05722070844686648
0 0.3009090909090909 0.9591280653950953 0.06 0.07084468664850137
0 0.2990909090909091 0.9087193460490464 0.056363636363636366 0.06267029972752043
0 0.2818181818181818 0.8569482288828338 0.04363636363636364 0.05722070844686648
0 0.22545454545454546 0.8201634877384196 0.03636363636363636 0.05994550408719346
0 0.16272727272727272 0.8719346049046321 0.056363636363636366 0.08719346049046321
0 0.07636363636363637 0.8419618528610354 0.06909090909090909 0.09264305177111716
0 0.06545454545454546 0.7724795640326976 0.04727272727272727 0.07901907356948229
0 0.12272727272727273 0.8188010899182562 0.03090909090909091 0.051771117166212535
0 0.14454545454545453 0.7901907356948229 0.038181818181818185 0.04904632152588556
