0 0.065 0.5225 0.03333333333333333 0.05
0 0.056666666666666664 0.4775 0.02666666666666667 0.045
0 0.10083333333333333 0.3375 0.03166666666666667 0.05
0 0.13583333333333333 0.475 0.03166666666666667 0.055
0 0.17833333333333334 0.4575 0.03333333333333333 0.05
0 0.18916666666666668 0.435 0.025 0.04
0 0.19583333333333333 0.49875 0.035 0.0525
0 0.22416666666666665 0.42125 0.025 0.0375
0 0.24333333333333335 0.47125 0.02666666666666667 0.0575
0 0.2733333333333333 0.48 0.03 0.05
0 0.30583333333333335 0.55375 0.051666666666666666 0.0775
0 0.3258333333333333 0.51 0.03833333333333333 0.075
0 0.31666666666666665 0.4475 0.03333333333333333 0.04
0 0.31 0.3475 0.023333333333333334 0.035
0 0.3883333333333333 0.47375 0.03 0.0525
0 0.3775 0.435 0.025 0.04
0 0.3958333333333333 0.43625 0.021666666666666667 0.0475
0 0.4583333333333333 0.42875 0.023333333333333334 0.0375
0 0.465 0.44875 0.02666666666666667 0.0475
0 0.4683333333333333 0.49375 0.043333333333333335 0.0625
0 0.49333333333333335 0.5425 0.06 0.09
0 0.5083333333333333 0.43125 0.023333333333333334 0.0325
0 0.5008333333333334 0.4125 0.018333333333333333 0.025
0 0.5616666666666666 0.42875 0.02 0.0375
0 0.5808333333333333 0.50875 0.04833333333333333 0.0825
0 0.58 0.355 0.02666666666666667 0.035
0 0.6075 0.41 0.025 0.04
0 0.655 0.42875 0.02666666666666667 0.0425
0 0.6841666666666667 0.3325 0.021666666666666667 0.04
0 0.7183333333333334 0.49 0.04 0.075
0 0.705 0.465 0.03333333333333333 0.055
0 0.76 0.46125 0.03 0.0575
0 0.7958333333333333 0.48375 0.035 0.0575
0 0.8383333333333334 0.4625 0.03 0.06
0 0.8516666666666667 0.43375 0.02 0.0425
0 0.9133333333333333 0.45 0.03333333333333333 0.055
0 0.95 0.43625 0.03 0.0525
