0 0.061 0.7923076923076923 0.07 0.11384615384615385
0 0.207 0.7907692307692308 0.054 0.09230769230769231
0 0.243 0.7876923076923077 0.042 0.08
0 0.331 0.7738461538461539 0.05 0.08923076923076922
0 0.399 0.7553846153846154 0.046 0.06461538461538462
0 0.451 0.7507692307692307 0.046 0.06153846153846154
0 0.506 0.7353846153846154 0.028 0.055384615384615386
0 0.52 0.7461538461538462 0.04 0.052307692307692305
0 0.528 0.6553846153846153 0.028 0.055384615384615386
0 0.582 0.7246153846153847 0.032 0.052307692307692305
0 0.653 0.7292307692307692 0.038 0.06153846153846154
0 0.691 0.7446153846153846 0.042 0.07384615384615385
0 0.678 0.8876923076923077 0.108 0.18769230769230769
0 0.839 0.7569230769230769 0.05 0.09230769230769231
0 0.768 0.7646153846153846 0.048 0.07076923076923076
0 0.914 0.7569230769230769 0.052 0.09230769230769231
0 0.958 0.7769230769230769 0.068 0.1076923076923077
