0 0.14222222222222222 0.28135593220338984 0.13777777777777778 0.25084745762711863
0 0.22111111111111112 0.4457627118644068 0.03333333333333333 0.0711864406779661
0 0.4477777777777778 0.5694915254237288 0.07333333333333333 0.1152542372881356
0 0.4677777777777778 0.45254237288135596 0.04666666666666667 0.07796610169491526
0 0.4411111111111111 0.41694915254237286 0.024444444444444446 0.05423728813559322
0 0.47444444444444445 0.39322033898305087 0.024444444444444446 0.04067796610169491
0 0.4888888888888889 0.4101694915254237 0.02666666666666667 0.04067796610169491
0 0.5733333333333334 0.46440677966101696 0.05333333333333334 0.08135593220338982
0 0.5811111111111111 0.4033898305084746 0.028888888888888888 0.04745762711864407
0 0.6433333333333333 0.4457627118644068 0.042222222222222223 0.06440677966101695
0 0.6422222222222222 0.3983050847457627 0.02666666666666667 0.05084745762711865
0 0.7155555555555555 0.45084745762711864 0.04 0.06779661016949153
0 0.7922222222222223 0.4457627118644068 0.051111111111111114 0.0847457627118644
0 0.8611111111111112 0.46440677966101696 0.06888888888888889 0.1016949152542373
0 0.84 0.6237288135593221 0.08888888888888889 0.16271186440677965
0 0.6166666666666667 0.6101694915254238 0.10444444444444445 0.14915254237288136
