0 0.27644710578842313 0.5029940119760479 0.07784431137724551 0.1377245508982036
0 0.5119760479041916 0.5074850299401198 0.09381237524950099 0.1347305389221557
0 0.48403193612774453 0.437125748502994 0.07784431137724551 0.10778443113772455
0 0.469061876247505 0.2964071856287425 0.06387225548902195 0.11976047904191617
0 0.5499001996007984 0.2245508982035928 0.05389221556886228 0.10778443113772455
0 0.6656686626746507 0.4161676646706587 0.08982035928143713 0.1437125748502994
0 0.6756487025948104 0.3083832335329341 0.06986027944111776 0.1377245508982036
0 0.8602794411177644 0.5134730538922155 0.11976047904191617 0.18263473053892215
0 0.8602794411177644 0.3907185628742515 0.08782435129740519 0.11077844311377245
0 0.8483033932135728 0.3068862275449102 0.08383233532934131 0.12874251497005987
0 0.9600798403193613 0.34281437125748504 0.07584830339321358 0.15868263473053892
0 0.7594810379241517 0.18413173652694612 0.05389221556886228 0.09880239520958084
0 0.8013972055888223 0.1317365269461078 0.06187624750499002 0.10179640718562874
0 0.8652694610778443 0.06287425149700598 0.0499001996007984 0.08982035928143713
0 0.9800399201596807 0.11826347305389222 0.03592814371257485 0.0748502994011976
0 0.6127744510978044 0.059880239520958084 0.043912175648702596 0.0718562874251497
0 0.5459081836327345 0.09281437125748503 0.041916167664670656 0.0718562874251497
0 0.5039920159680639 0.07934131736526946 0.033932135728542916 0.0688622754491018
0 0.4930139720558882 0.0374251497005988 0.031936127744510975 0.05089820359281437
0 0.43812375249500995 0.07934131736526946 0.041916167664670656 0.06287425149700598
0 0.4590818363273453 0.15568862275449102 0.05189620758483034 0.08383233532934131
0 0.38922155688622756 0.10029940119760479 0.05189620758483034 0.09281437125748503
0 0.3932135728542914 0.04640718562874251 0.043912175648702596 0.0688622754491018
0 0.29141716566866266 0.04940119760479042 0.03992015968063872 0.06287425149700598
0 0.2884231536926148 0.10329341317365269 0.041916167664670656 0.0748502994011976
0 0.2714570858283433 0.19311377245508982 0.04790419161676647 0.08682634730538923
0 0.18363273453093812 0.15568862275449102 0.07584830339321358 0.12574850299401197
0 0.10678642714570859 0.2410179640718563 0.07385229540918163 0.12874251497005987
0 0.13073852295409183 0.17365269461077845 0.05389221556886228 0.10179640718562874
0 0.1966067864271457 0.040419161676646706 0.033932135728542916 0.06287425149700598
0 0.03792415169660679 0.16167664670658682 0.04790419161676647 0.07784431137724551
0 0.05888223552894212 0.08083832335329341 0.03792415169660679 0.0718562874251497
