0 0.12615384615384614 0.4676674364896074 0.19076923076923077 0.2979214780600462
0 0.2230769230769231 0.41916859122401845 0.12923076923076923 0.23325635103926096
0 0.16692307692307692 0.20323325635103925 0.0876923076923077 0.17090069284064666
0 0.26 0.3002309468822171 0.09538461538461539 0.20785219399538107
0 0.44384615384615383 0.29907621247113164 0.0876923076923077 0.16397228637413394
0 0.5076923076923077 0.5993071593533488 0.18769230769230769 0.2748267898383372
0 0.5646153846153846 0.4491916859122402 0.09538461538461539 0.17321016166281755
0 0.6592307692307692 0.28290993071593534 0.06615384615384616 0.15011547344110854
0 0.5423076923076923 0.2066974595842956 0.06307692307692307 0.11778290993071594
0 0.7923076923076923 0.45381062355658197 0.20923076923076922 0.3672055427251732
0 0.8453846153846154 0.25635103926096997 0.09384615384615384 0.17551963048498845
0 0.8869230769230769 0.20438799076212472 0.05692307692307692 0.13625866050808313
0 0.9792307692307692 0.21709006928406466 0.038461538461538464 0.07390300230946882
0 0.9323076923076923 0.18475750577367206 0.024615384615384615 0.06004618937644342
0 0.72 0.197459584295612 0.036923076923076927 0.06235565819861432
0 0.7315384615384616 0.1558891454965358 0.023076923076923078 0.03926096997690531
0 0.7776923076923077 0.16628175519630484 0.03230769230769231 0.06466512702078522
0 0.7515384615384615 0.1397228637413395 0.016923076923076923 0.03926096997690531
0 0.8446153846153847 0.15473441108545036 0.018461538461538463 0.03695150115473441
0 0.8146153846153846 0.1397228637413395 0.026153846153846153 0.03926096997690531
0 0.8384615384615385 0.12009237875288684 0.021538461538461538 0.02771362586605081
0 0.8076923076923077 0.11893764434180139 0.012307692307692308 0.03002309468822171
0 0.7992307692307692 0.08891454965357967 0.016923076923076923 0.025404157043879907
0 0.7784615384615384 0.09237875288683603 0.015384615384615385 0.018475750577367205
0 0.7776923076923077 0.13279445727482678 0.02 0.03464203233256351
0 0.7338461538461538 0.10392609699769054 0.009230769230769232 0.023094688221709007
0 0.6569230769230769 0.08083140877598152 0.015384615384615385 0.02771362586605081
0 0.3676923076923077 0.15242494226327943 0.033846153846153845 0.07390300230946882
0 0.45692307692307693 0.18475750577367206 0.07692307692307693 0.12009237875288684
0 0.5446153846153846 0.12933025404157045 0.043076923076923075 0.07852193995381063
0 0.6469230769230769 0.18013856812933027 0.026153846153846153 0.050808314087759814
0 0.6284615384615385 0.21824480369515012 0.02 0.04849884526558892
0 0.27692307692307694 0.12240184757505773 0.036923076923076927 0.07390300230946882
0 0.29846153846153844 0.15242494226327943 0.021538461538461538 0.050808314087759814
0 0.32 0.1836027713625866 0.021538461538461538 0.04849884526558892
0 0.34307692307692306 0.18822170900692842 0.018461538461538463 0.03926096997690531
0 0.21846153846153846 0.1651270207852194 0.021538461538461538 0.03926096997690531
0 0.32153846153846155 0.11547344110854503 0.018461538461538463 0.03233256351039261
0 0.2969230769230769 0.1235565819861432 0.012307692307692308 0.03464203233256351
0 0.34307692307692306 0.14318706697459585 0.015384615384615385 0.03233256351039261
0 0.3515384615384615 0.11085450346420324 0.013846153846153847 0.02771362586605081
0 0.4115384615384615 0.06812933025404157 0.016923076923076923 0.03002309468822171
0 0.3976923076923077 0.1420323325635104 0.016923076923076923 0.03002309468822171
0 0.42153846153846153 0.15473441108545036 0.018461538461538463 0.03233256351039261
0 0.41307692307692306 0.12240184757505773 0.016923076923076923 0.03695150115473441
0 0.45076923076923076 0.09468822170900693 0.015384615384615385 0.03233256351039261
0 0.46923076923076923 0.09237875288683603 0.012307692307692308 0.02771362586605081
0 0.5123076923076924 0.09237875288683603 0.012307692307692308 0.023094688221709007
0 0.5746153846153846 0.09353348729792148 0.010769230769230769 0.03002309468822171
0 0.5923076923076923 0.09930715935334873 0.015384615384615385 0.023094688221709007
0 0.6161538461538462 0.15242494226327943 0.02 0.04157043879907621
0 0.6292307692307693 0.13163972286374134 0.021538461538461538 0.04157043879907621
0 0.6453846153846153 0.12933025404157045 0.016923076923076923 0.04157043879907621
0 0.5838461538461538 0.1836027713625866 0.02923076923076923 0.053117782909930716
0 0.5984615384615385 0.15935334872979215 0.015384615384615385 0.03695150115473441
0 0.6646153846153846 0.1697459584295612 0.018461538461538463 0.03926096997690531
0 0.67 0.14087759815242495 0.016923076923076923 0.03233256351039261
0 0.6907692307692308 0.14087759815242495 0.015384615384615385 0.03695150115473441
