0 0.09603658536585366 0.4098173515981735 0.036585365853658534 0.06164383561643835
0 0.1211890243902439 0.4269406392694064 0.041158536585365856 0.0684931506849315
0 0.17911585365853658 0.4098173515981735 0.03201219512195122 0.05707762557077625
0 0.21722560975609756 0.4121004566210046 0.038109756097560975 0.07077625570776255
0 0.25609756097560976 0.4121004566210046 0.03048780487804878 0.05251141552511415
0 0.2934451219512195 0.4509132420091324 0.038109756097560975 0.06164383561643835
0 0.2995426829268293 0.4075342465753425 0.03201219512195122 0.04337899543378995
0 0.2530487804878049 0.5810502283105022 0.042682926829268296 0.07534246575342465
0 0.3445121951219512 0.6050228310502284 0.036585365853658534 0.0593607305936073
0 0.35365853658536583 0.4246575342465753 0.03353658536585366 0.0593607305936073
0 0.39939024390243905 0.4394977168949772 0.036585365853658534 0.06621004566210045
0 0.42301829268292684 0.567351598173516 0.028963414634146343 0.05251141552511415
0 0.47103658536585363 0.5901826484018264 0.03353658536585366 0.06164383561643835
0 0.4573170731707317 0.3972602739726027 0.027439024390243903 0.0547945205479452
0 0.5083841463414634 0.4292237442922374 0.03201219512195122 0.0593607305936073
0 0.5350609756097561 0.3915525114155251 0.03353658536585366 0.04794520547945205
0 0.5167682926829268 0.6118721461187214 0.036585365853658534 0.0639269406392694
0 0.583079268292683 0.6095890410958904 0.03201219512195122 0.0639269406392694
0 0.5952743902439024 0.410958904109589 0.038109756097560975 0.0547945205479452
0 0.6440548780487805 0.4189497716894977 0.0350609756097561 0.07077625570776255
0 0.6699695121951219 0.4257990867579909 0.0350609756097561 0.06621004566210045
0 0.7134146341463414 0.4018264840182648 0.03353658536585366 0.0593607305936073
0 0.729420731707317 0.4315068493150685 0.03201219512195122 0.0684931506849315
0 0.7842987804878049 0.4075342465753425 0.0350609756097561 0.06621004566210045
0 0.8117378048780488 0.4246575342465753 0.041158536585365856 0.0730593607305936
0 0.875 0.4349315068493151 0.04878048780487805 0.07990867579908675
0 0.9222560975609756 0.4189497716894977 0.04878048780487805 0.07990867579908675
