0 0.042 0.4026666666666667 0.026 0.037333333333333336
0 0.087 0.43866666666666665 0.026 0.042666666666666665
0 0.1375 0.562 0.047 0.06
0 0.172 0.476 0.038 0.05333333333333334
0 0.206 0.4093333333333333 0.018 0.034666666666666665
0 0.2205 0.5366666666666666 0.035 0.05733333333333333
0 0.2945 0.43266666666666664 0.023 0.03866666666666667
0 0.3515 0.42133333333333334 0.019 0.032
0 0.371 0.4746666666666667 0.026 0.034666666666666665
0 0.4095 0.458 0.021 0.036
0 0.462 0.5253333333333333 0.028 0.042666666666666665
0 0.4635 0.47733333333333333 0.019 0.032
0 0.5445 0.4573333333333333 0.021 0.032
0 0.5525 0.47733333333333333 0.023 0.034666666666666665
0 0.5885 0.5086666666666667 0.027 0.04133333333333333
0 0.5525 0.5266666666666666 0.029 0.04533333333333334
0 0.521 0.6033333333333334 0.04 0.04933333333333333
0 0.434 0.6473333333333333 0.048 0.08133333333333333
0 0.739 0.5753333333333334 0.04 0.06
0 0.692 0.522 0.026 0.044
0 0.613 0.578 0.038 0.052
0 0.889 0.5273333333333333 0.028 0.03866666666666667
0 0.947 0.506 0.062 0.076
