0 0.16375 0.349009900990099 0.04583333333333333 0.06930693069306931
0 0.18458333333333332 0.3224009900990099 0.030833333333333334 0.050742574257425746
0 0.2125 0.28032178217821785 0.04 0.07301980198019802
0 0.24583333333333332 0.30445544554455445 0.04 0.06930693069306931
0 0.315 0.28898514851485146 0.055 0.09777227722772278
0 0.3329166666666667 0.2506188118811881 0.0425 0.07054455445544554
0 0.3854166666666667 0.2599009900990099 0.059166666666666666 0.10148514851485149
0 0.43833333333333335 0.28589108910891087 0.05 0.09405940594059406
0 0.5016666666666667 0.25804455445544555 0.04833333333333333 0.07549504950495049
0 0.5404166666666667 0.20668316831683167 0.08083333333333333 0.14108910891089108
0 0.64875 0.27784653465346537 0.05416666666666667 0.09282178217821782
0 0.7158333333333333 0.2988861386138614 0.05 0.08787128712871287
0 0.8520833333333333 0.2599009900990099 0.060833333333333336 0.10396039603960396
