0 0.06378986866791744 0.68375 0.0825515947467167 0.1325
0 0.15853658536585366 0.71375 0.09568480300187618 0.1375
0 0.21106941838649157 0.81875 0.11069418386491557 0.1675
0 0.21669793621013134 0.6325 0.054409005628517824 0.1
0 0.199812382739212 0.54 0.04690431519699812 0.075
0 0.16322701688555347 0.5025 0.03377110694183865 0.06
0 0.25140712945590993 0.49875 0.0375234521575985 0.0625
0 0.35553470919324576 0.48875 0.028142589118198873 0.0525
0 0.3780487804878049 0.5025 0.039399624765478425 0.07
0 0.4146341463414634 0.52875 0.04127579737335835 0.0725
0 0.4427767354596623 0.54125 0.0450281425891182 0.0725
0 0.4324577861163227 0.65 0.06941838649155722 0.11
0 0.6285178236397748 0.68 0.08630393996247655 0.115
0 0.6294559099437148 0.60375 0.06191369606003752 0.0975
0 0.5525328330206379 0.41625 0.028142589118198873 0.0425
0 0.6529080675422139 0.495 0.03377110694183865 0.055
0 0.6801125703564728 0.53875 0.054409005628517824 0.0775
0 0.7129455909943715 0.52125 0.04127579737335835 0.0775
0 0.7654784240150094 0.555 0.0450281425891182 0.075
0 0.7814258911819888 0.49125 0.039399624765478425 0.0525
0 0.7185741088180112 0.7525 0.1050656660412758 0.145
0 0.8302063789868668 0.6275 0.08067542213883677 0.11
0 0.9549718574108818 0.6725 0.0825515947467167 0.13
0 0.9277673545966229 0.5875 0.058161350844277676 0.085
0 0.926829268292683 0.52 0.0375234521575985 0.06
0 0.8545966228893058 0.51 0.043151969981238276 0.06
