0 0.02375 0.4 0.0225 0.04666666666666667
0 0.07375 0.4066666666666667 0.0275 0.04666666666666667
0 0.16125 0.41333333333333333 0.0275 0.04666666666666667
0 0.17125 0.3933333333333333 0.0225 0.03333333333333333
0 0.20625 0.4033333333333333 0.0275 0.04666666666666667
0 0.1975 0.48833333333333334 0.055 0.07666666666666666
0 0.275 0.38333333333333336 0.025 0.04
0 0.30875 0.3933333333333333 0.0225 0.03333333333333333
0 0.35 0.3883333333333333 0.02 0.03666666666666667
0 0.33375 0.5116666666666667 0.0575 0.07
0 0.40875 0.43166666666666664 0.0375 0.056666666666666664
0 0.41375 0.385 0.0225 0.043333333333333335
0 0.46125 0.4166666666666667 0.0275 0.05333333333333334
0 0.5025 0.44 0.035 0.05333333333333334
0 0.5225 0.41 0.025 0.04666666666666667
0 0.5875 0.38166666666666665 0.02 0.03666666666666667
0 0.5875 0.43333333333333335 0.035 0.05333333333333334
0 0.64125 0.405 0.0275 0.05
0 0.67 0.39 0.025 0.04
0 0.73125 0.45666666666666667 0.0375 0.07333333333333333
0 0.74125 0.575 0.0725 0.10333333333333333
0 0.7475 0.3983333333333333 0.03 0.043333333333333335
0 0.8125 0.2916666666666667 0.045 0.07
0 0.88375 0.2866666666666667 0.0725 0.08666666666666667
