0 0.10351089588377724 0.35829307568438 0.11016949152542373 0.15942028985507245
0 0.1343825665859564 0.2882447665056361 0.06537530266343826 0.10305958132045089
0 0.08716707021791767 0.25201288244766507 0.06053268765133172 0.09178743961352658
0 0.27421307506053266 0.3003220611916264 0.06174334140435835 0.10466988727858294
0 0.25544794188861986 0.2608695652173913 0.05084745762711865 0.07407407407407407
0 0.34382566585956414 0.34782608695652173 0.09443099273607748 0.15780998389694043
0 0.39648910411622273 0.3059581320450886 0.06658595641646489 0.11916264090177134
0 0.3698547215496368 0.24396135265700483 0.05447941888619855 0.0821256038647343
0 0.4872881355932203 0.27697262479871176 0.05690072639225181 0.08695652173913043
0 0.5768765133171913 0.3107890499194847 0.09322033898305085 0.1642512077294686
0 0.5623486682808717 0.23027375201288244 0.044794188861985475 0.061191626409017714
0 0.6858353510895884 0.24476650563607086 0.04963680387409201 0.0644122383252818
0 0.7197336561743342 0.25684380032206117 0.05205811138014528 0.10144927536231885
0 0.7917675544794189 0.2528180354267311 0.043583535108958835 0.07085346215780998
0 0.8631961259079903 0.3615136876006441 0.12106537530266344 0.1819645732689211
0 0.8456416464891041 0.2665056360708535 0.05447941888619855 0.07890499194847021
0 0.927360774818402 0.24154589371980675 0.05569007263922518 0.09017713365539452
