0 0.08166666666666667 0.5088888888888888 0.07333333333333333 0.12
0 0.13 0.41555555555555557 0.03666666666666667 0.057777777777777775
0 0.20583333333333334 0.5955555555555555 0.115 0.2
0 0.2525 0.3011111111111111 0.065 0.12222222222222222
0 0.35333333333333333 0.39444444444444443 0.03666666666666667 0.06
0 0.4275 0.5388888888888889 0.08166666666666667 0.11777777777777777
0 0.4925 0.4011111111111111 0.035 0.06
0 0.53 0.42777777777777776 0.07333333333333333 0.08666666666666667
0 0.5591666666666667 0.31 0.03833333333333333 0.05555555555555555
0 0.62 0.3811111111111111 0.05 0.07777777777777778
0 0.8166666666666667 0.4677777777777778 0.09333333333333334 0.14
0 0.9233333333333333 0.43666666666666665 0.07666666666666666 0.11777777777777777
