0 0.042708333333333334 0.5390625 0.03125 0.053125
0 0.11354166666666667 0.6046875 0.052083333333333336 0.078125
0 0.16875 0.6515625 0.075 0.121875
0 0.12291666666666666 0.74375 0.1375 0.18125
0 0.27708333333333335 0.7078125 0.1125 0.184375
0 0.2 0.5921875 0.058333333333333334 0.096875
0 0.225 0.5609375 0.041666666666666664 0.071875
0 0.0875 0.559375 0.0375 0.075
0 0.18854166666666666 0.4671875 0.03125 0.046875
0 0.221875 0.4734375 0.03125 0.046875
0 0.29270833333333335 0.4640625 0.035416666666666666 0.046875
0 0.32395833333333335 0.48125 0.027083333333333334 0.05
0 0.359375 0.4875 0.027083333333333334 0.0375
0 0.40520833333333334 0.4765625 0.03125 0.034375
0 0.43020833333333336 0.475 0.01875 0.03125
0 0.45625 0.4765625 0.025 0.028125
0 0.4947916666666667 0.4875 0.03125 0.0375
0 0.5177083333333333 0.4734375 0.027083333333333334 0.040625
0 0.5635416666666667 0.4921875 0.022916666666666665 0.040625
0 0.5854166666666667 0.4796875 0.025 0.034375
0 0.6125 0.484375 0.020833333333333332 0.0375
0 0.628125 0.475 0.022916666666666665 0.0375
0 0.6510416666666666 0.484375 0.027083333333333334 0.0375
0 0.6916666666666667 0.475 0.025 0.04375
0 0.7208333333333333 0.4859375 0.025 0.040625
0 0.7447916666666666 0.4796875 0.01875 0.040625
0 0.7802083333333333 0.4765625 0.01875 0.034375
0 0.7958333333333333 0.4859375 0.020833333333333332 0.040625
0 0.809375 0.478125 0.01875 0.0375
0 0.8458333333333333 0.4859375 0.025 0.040625
0 0.8770833333333333 0.49375 0.029166666666666667 0.04375
0 0.9052083333333333 0.4828125 0.027083333333333334 0.040625
0 0.2916666666666667 0.5609375 0.04583333333333333 0.065625
0 0.34375 0.5625 0.041666666666666664 0.075
0 0.37395833333333334 0.5984375 0.04791666666666667 0.071875
0 0.4270833333333333 0.6375 0.07916666666666666 0.10625
0 0.496875 0.5890625 0.04375 0.065625
0 0.5114583333333333 0.5625 0.03958333333333333 0.0625
0 0.5479166666666667 0.56875 0.0375 0.05625
0 0.6104166666666667 0.6515625 0.08333333333333333 0.128125
0 0.5979166666666667 0.5796875 0.0375 0.065625
0 0.65 0.6 0.041666666666666664 0.06875
0 0.696875 0.6265625 0.04791666666666667 0.078125
0 0.7114583333333333 0.6984375 0.07291666666666667 0.115625
0 0.6760416666666667 0.7984375 0.12708333333333333 0.171875
0 0.76875 0.803125 0.0875 0.16875
0 0.89375 0.921875 0.15416666666666667 0.15
0 0.8802083333333334 0.7109375 0.08125 0.134375
0 0.828125 0.6859375 0.04791666666666667 0.090625
0 0.7583333333333333 0.63125 0.0625 0.1
0 0.7125 0.5890625 0.0375 0.065625
0 0.8645833333333334 0.634375 0.05416666666666667 0.06875
0 0.878125 0.584375 0.04375 0.075
0 0.9 0.5546875 0.03333333333333333 0.053125
0 0.9260416666666667 0.596875 0.04375 0.06875
0 0.9791666666666666 0.5703125 0.0375 0.053125
0 0.9833333333333333 0.6203125 0.029166666666666667 0.071875
