0 0.49333333333333335 0.6111111111111112 0.07666666666666666 0.1111111111111111
0 0.6383333333333333 0.5633333333333334 0.05 0.1
0 0.59 0.52 0.043333333333333335 0.06222222222222222
0 0.6358333333333334 0.4666666666666667 0.028333333333333332 0.035555555555555556
0 0.6775 0.48444444444444446 0.028333333333333332 0.04888888888888889
0 0.7 0.4677777777777778 0.02666666666666667 0.03777777777777778
0 0.7575 0.4888888888888889 0.03166666666666667 0.04
0 0.7733333333333333 0.5544444444444444 0.04666666666666667 0.06888888888888889
0 0.855 0.5233333333333333 0.043333333333333335 0.06444444444444444
0 0.8858333333333334 0.49777777777777776 0.028333333333333332 0.044444444444444446
0 0.9191666666666667 0.4855555555555556 0.025 0.042222222222222223
0 0.5541666666666667 0.4777777777777778 0.028333333333333332 0.04888888888888889
0 0.5566666666666666 0.45 0.023333333333333334 0.03333333333333333
0 0.5325 0.45 0.025 0.03777777777777778
0 0.46416666666666667 0.4911111111111111 0.03166666666666667 0.044444444444444446
0 0.4583333333333333 0.46 0.023333333333333334 0.035555555555555556
0 0.485 0.46111111111111114 0.023333333333333334 0.03333333333333333
0 0.37916666666666665 0.45111111111111113 0.028333333333333332 0.04
0 0.415 0.45555555555555555 0.013333333333333334 0.03111111111111111
0 0.3575 0.4711111111111111 0.028333333333333332 0.044444444444444446
0 0.325 0.49777777777777776 0.03666666666666667 0.06222222222222222
0 0.25583333333333336 0.5466666666666666 0.051666666666666666 0.08888888888888889
0 0.23166666666666666 0.49444444444444446 0.043333333333333335 0.051111111111111114
0 0.21916666666666668 0.45 0.028333333333333332 0.03333333333333333
0 0.25916666666666666 0.43444444444444447 0.025 0.042222222222222223
0 0.2925 0.46444444444444444 0.025 0.044444444444444446
0 0.31166666666666665 0.38555555555555554 0.013333333333333334 0.028888888888888888
0 0.18083333333333335 0.43 0.021666666666666667 0.03777777777777778
0 0.1625 0.43222222222222223 0.025 0.042222222222222223
0 0.13166666666666665 0.45666666666666667 0.03666666666666667 0.04666666666666667
0 0.15166666666666667 0.5166666666666667 0.043333333333333335 0.07777777777777778
0 0.07 0.4911111111111111 0.04666666666666667 0.06222222222222222
0 0.08583333333333333 0.44555555555555554 0.028333333333333332 0.04666666666666667
0 0.0625 0.37 0.025 0.028888888888888888
