0 0.095 0.2927927927927928 0.07 0.11711711711711711
0 0.194 0.3333333333333333 0.048 0.07207207207207207
0 0.292 0.22522522522522523 0.052 0.08408408408408409
0 0.416 0.2747747747747748 0.044 0.08108108108108109
0 0.486 0.23723723723723725 0.056 0.08408408408408409
0 0.555 0.36786786786786785 0.054 0.1111111111111111
0 0.604 0.25675675675675674 0.048 0.09309309309309309
0 0.633 0.28378378378378377 0.054 0.1111111111111111
0 0.731 0.24024024024024024 0.066 0.10810810810810811
0 0.792 0.3708708708708709 0.092 0.12312312312312312
0 0.812 0.487987987987988 0.1 0.15915915915915915
0 0.607 0.44594594594594594 0.066 0.11711711711711711
0 0.625 0.7252252252252253 0.102 0.14714714714714713
0 0.559 0.5870870870870871 0.098 0.13513513513513514
0 0.437 0.7522522522522522 0.122 0.17717717717717718
0 0.175 0.6381381381381381 0.146 0.19519519519519518
