0 0.5180785123966942 0.31712962962962965 0.060950413223140494 0.1095679012345679
0 0.6410123966942148 0.39814814814814814 0.02169421487603306 0.030864197530864196
0 0.2396694214876033 0.48842592592592593 0.07024793388429752 0.08487654320987655
0 0.19369834710743802 0.47453703703703703 0.058884297520661155 0.07561728395061729
0 0.14927685950413222 0.45524691358024694 0.04855371900826446 0.07098765432098765
0 0.29080578512396693 0.41280864197530864 0.02169421487603306 0.032407407407407406
0 0.3259297520661157 0.39969135802469136 0.01962809917355372 0.027777777777777776
0 0.34452479338842973 0.4089506172839506 0.02169421487603306 0.027777777777777776
0 0.3760330578512397 0.44367283950617287 0.026859504132231406 0.041666666666666664
0 0.4230371900826446 0.46141975308641975 0.027892561983471075 0.046296296296296294
0 0.46797520661157027 0.43364197530864196 0.01859504132231405 0.030864197530864196
0 0.45609504132231404 0.41898148148148145 0.013429752066115703 0.029320987654320986
0 0.44111570247933884 0.42669753086419754 0.01652892561983471 0.026234567901234566
0 0.4297520661157025 0.4174382716049383 0.014462809917355372 0.026234567901234566
0 0.44111570247933884 0.4035493827160494 0.014462809917355372 0.026234567901234566
0 0.4364669421487603 0.38657407407407407 0.013429752066115703 0.023148148148148147
0 0.41890495867768596 0.4050925925925926 0.015495867768595042 0.026234567901234566
0 0.41580578512396693 0.38657407407407407 0.013429752066115703 0.023148148148148147
0 0.40702479338842973 0.4182098765432099 0.01859504132231405 0.030864197530864196
0 0.3822314049586777 0.41975308641975306 0.01859504132231405 0.030864197530864196
0 0.38584710743801653 0.40046296296296297 0.015495867768595042 0.026234567901234566
0 0.39359504132231404 0.3819444444444444 0.01652892561983471 0.023148148148148147
0 0.3822314049586777 0.3765432098765432 0.012396694214876033 0.018518518518518517
0 0.3956611570247934 0.3680555555555556 0.01652892561983471 0.023148148148148147
0 0.3672520661157025 0.38040123456790126 0.01962809917355372 0.029320987654320986
0 0.34917355371900827 0.375 0.014462809917355372 0.024691358024691357
0 0.3450413223140496 0.3557098765432099 0.014462809917355372 0.023148148148148147
0 0.3300619834710744 0.36496913580246915 0.013429752066115703 0.020061728395061727
0 0.3290289256198347 0.38503086419753085 0.015495867768595042 0.020061728395061727
0 0.30268595041322316 0.3819444444444444 0.014462809917355372 0.026234567901234566
0 0.315599173553719 0.3734567901234568 0.01756198347107438 0.027777777777777776
0 0.3109504132231405 0.3587962962962963 0.010330578512396695 0.016975308641975308
0 0.3259297520661157 0.3533950617283951 0.013429752066115703 0.021604938271604937
0 0.30578512396694213 0.3395061728395062 0.010330578512396695 0.018518518518518517
0 0.2990702479338843 0.3464506172839506 0.011363636363636364 0.020061728395061727
0 0.29235537190082644 0.3557098765432099 0.012396694214876033 0.026234567901234566
0 0.2742768595041322 0.3680555555555556 0.013429752066115703 0.023148148148148147
0 0.28460743801652894 0.3966049382716049 0.01962809917355372 0.033950617283950615
0 0.2897727272727273 0.3765432098765432 0.015495867768595042 0.018518518518518517
0 0.2572314049586777 0.3726851851851852 0.01859504132231405 0.026234567901234566
0 0.2515495867768595 0.35802469135802467 0.013429752066115703 0.018518518518518517
0 0.26291322314049587 0.3433641975308642 0.011363636363636364 0.023148148148148147
0 0.2768595041322314 0.3410493827160494 0.012396694214876033 0.018518518518518517
0 0.27014462809917356 0.32253086419753085 0.011363636363636364 0.021604938271604937
0 0.253099173553719 0.31635802469135804 0.012396694214876033 0.021604938271604937
0 0.25464876033057854 0.3333333333333333 0.013429752066115703 0.021604938271604937
0 0.23295454545454544 0.35725308641975306 0.011363636363636364 0.023148148148148147
0 0.22520661157024793 0.38040123456790126 0.01652892561983471 0.029320987654320986
0 0.2396694214876033 0.4066358024691358 0.024793388429752067 0.038580246913580245
0 0.22055785123966942 0.35648148148148145 0.015495867768595042 0.024691358024691357
0 0.2128099173553719 0.3341049382716049 0.014462809917355372 0.023148148148148147
0 0.23295454545454544 0.31867283950617287 0.013429752066115703 0.023148148148148147
0 0.20867768595041322 0.40046296296296297 0.02066115702479339 0.041666666666666664
0 0.1859504132231405 0.39891975308641975 0.024793388429752067 0.038580246913580245
0 0.15082644628099173 0.39274691358024694 0.022727272727272728 0.041666666666666664
0 0.1327479338842975 0.3726851851851852 0.01962809917355372 0.029320987654320986
0 0.09865702479338843 0.3603395061728395 0.01756198347107438 0.029320987654320986
0 0.07696280991735537 0.38503086419753085 0.03202479338842975 0.05401234567901234
0 0.05836776859504132 0.36574074074074076 0.01962809917355372 0.043209876543209874
0 0.0371900826446281 0.3479938271604938 0.02066115702479339 0.035493827160493825
0 0.054235537190082644 0.3248456790123457 0.013429752066115703 0.029320987654320986
0 0.06766528925619834 0.3410493827160494 0.015495867768595042 0.021604938271604937
0 0.06818181818181818 0.3263888888888889 0.010330578512396695 0.016975308641975308
0 0.06301652892561983 0.30864197530864196 0.014462809917355372 0.021604938271604937
0 0.07747933884297521 0.30401234567901236 0.012396694214876033 0.018518518518518517
0 0.10227272727272728 0.283179012345679 0.014462809917355372 0.023148148148148147
0 0.12035123966942149 0.2986111111111111 0.011363636363636364 0.023148148148148147
0 0.14359504132231404 0.2816358024691358 0.012396694214876033 0.023148148148148147
0 0.17458677685950413 0.36882716049382713 0.01859504132231405 0.027777777777777776
0 0.190599173553719 0.3603395061728395 0.013429752066115703 0.026234567901234566
0 0.19731404958677687 0.35262345679012347 0.010330578512396695 0.023148148148148147
0 0.1978305785123967 0.3317901234567901 0.011363636363636364 0.021604938271604937
0 0.18801652892561985 0.32253086419753085 0.012396694214876033 0.021604938271604937
0 0.1828512396694215 0.3055555555555556 0.012396694214876033 0.021604938271604937
0 0.1740702479338843 0.32330246913580246 0.011363636363636364 0.020061728395061727
0 0.14307851239669422 0.33719135802469136 0.015495867768595042 0.026234567901234566
0 0.15857438016528927 0.32098765432098764 0.011363636363636364 0.018518518518518517
0 0.16735537190082644 0.3341049382716049 0.010330578512396695 0.016975308641975308
0 0.15444214876033058 0.3001543209876543 0.013429752066115703 0.020061728395061727
0 0.1637396694214876 0.30324074074074076 0.009297520661157025 0.020061728395061727
0 0.11518595041322315 0.3441358024691358 0.01962809917355372 0.033950617283950615
0 0.11673553719008264 0.32021604938271603 0.012396694214876033 0.020061728395061727
0 0.10227272727272728 0.3132716049382716 0.01652892561983471 0.024691358024691357
0 0.1322314049586777 0.3148148148148148 0.014462809917355372 0.027777777777777776
