0 0.15375 0.2880859375 0.2275 0.361328125
0 0.301875 0.3505859375 0.06625 0.126953125
0 0.355625 0.3291015625 0.01375 0.025390625
0 0.335 0.3359375 0.0125 0.02734375
0 0.356875 0.3583984375 0.01875 0.029296875
0 0.38625 0.3349609375 0.0175 0.037109375
0 0.408125 0.3603515625 0.02125 0.048828125
0 0.433125 0.390625 0.02125 0.03515625
0 0.444375 0.3603515625 0.01625 0.029296875
0 0.45875 0.3447265625 0.015 0.029296875
0 0.49125 0.4130859375 0.03 0.052734375
0 0.525 0.43359375 0.0375 0.05859375
0 0.53625 0.36328125 0.015 0.02734375
0 0.51 0.3662109375 0.0175 0.025390625
0 0.493125 0.3525390625 0.01375 0.021484375
0 0.568125 0.3662109375 0.01375 0.029296875
0 0.575 0.4091796875 0.02 0.033203125
0 0.61375 0.42578125 0.0375 0.07421875
0 0.60375 0.3740234375 0.0175 0.037109375
0 0.638125 0.3994140625 0.01625 0.037109375
0 0.67375 0.4189453125 0.0175 0.029296875
0 0.831875 0.3662109375 0.02375 0.044921875
