0 0.07422512234910278 0.4169435215946844 0.04730831973898858 0.10963455149501661
0 0.1737357259380098 0.3588039867109635 0.04404567699836868 0.10631229235880399
0 0.2553017944535073 0.4152823920265781 0.037520391517128875 0.07973421926910298
0 0.31402936378466556 0.4019933554817276 0.037520391517128875 0.08637873754152824
0 0.3931484502446982 0.3654485049833887 0.04241435562805873 0.09966777408637874
0 0.46737357259380097 0.43521594684385384 0.04730831973898858 0.08637873754152824
0 0.5432300163132137 0.4019933554817276 0.04241435562805873 0.10631229235880399
0 0.6215334420880914 0.36710963455149503 0.052202283849918436 0.11627906976744186
0 0.7039151712887439 0.420265780730897 0.04404567699836868 0.10963455149501661
0 0.7887438825448614 0.3588039867109635 0.040783034257748776 0.10631229235880399
0 0.8597063621533442 0.4269102990033223 0.04567699836867863 0.10299003322259136
