0 0.022893772893772892 0.5821727019498607 0.038461538461538464 0.07799442896935933
0 0.06684981684981685 0.5473537604456824 0.045787545787545784 0.07520891364902507
0 0.0924908424908425 0.6420612813370473 0.07142857142857142 0.08635097493036212
0 0.10347985347985347 0.596100278551532 0.06776556776556776 0.08913649025069638
0 0.23443223443223443 0.5292479108635098 0.040293040293040296 0.055710306406685235
0 0.23534798534798534 0.5682451253481894 0.038461538461538464 0.06685236768802229
0 0.2692307692307692 0.5835654596100278 0.047619047619047616 0.10863509749303621
0 0.315018315018315 0.584958217270195 0.0695970695970696 0.11142061281337047
0 0.38003663003663 0.6629526462395543 0.10073260073260074 0.1392757660167131
0 0.4230769230769231 0.8272980501392758 0.1684981684981685 0.2395543175487465
0 0.3534798534798535 0.415041782729805 0.047619047619047616 0.08356545961002786
0 0.4551282051282051 0.43454038997214484 0.04945054945054945 0.06685236768802229
0 0.5192307692307693 0.5097493036211699 0.038461538461538464 0.06685236768802229
0 0.5521978021978022 0.5738161559888579 0.06043956043956044 0.10584958217270195
0 0.565018315018315 0.5111420612813371 0.038461538461538464 0.0584958217270195
0 0.6089743589743589 0.5654596100278552 0.05311355311355311 0.0947075208913649
0 0.6282051282051282 0.8008356545961003 0.19047619047619047 0.298050139275766
0 0.6382783882783882 0.5111420612813371 0.04212454212454213 0.07520891364902507
0 0.6657509157509157 0.4972144846796657 0.0347985347985348 0.06406685236768803
0 0.6923076923076923 0.5041782729805014 0.040293040293040296 0.06685236768802229
0 0.7536630036630036 0.541782729805014 0.04945054945054945 0.08635097493036212
0 0.7884615384615384 0.5125348189415042 0.04212454212454213 0.06128133704735376
0 0.7893772893772893 0.6518105849582173 0.09157509157509157 0.1671309192200557
0 0.8177655677655677 0.5821727019498607 0.06776556776556776 0.13370473537604458
0 0.8809523809523809 0.7506963788300836 0.12454212454212454 0.21448467966573817
0 0.8910256410256411 0.5027855153203342 0.0347985347985348 0.06406685236768803
0 0.9203296703296703 0.5 0.038461538461538464 0.06963788300835655
0 0.9661172161172161 0.5167130919220055 0.038461538461538464 0.0807799442896936
0 0.9835164835164835 0.5125348189415042 0.029304029304029304 0.07799442896935933
0 0.9633699633699634 0.46657381615598886 0.03663003663003663 0.06406685236768803
