0 0.5708333333333333 0.503448275862069 0.045 0.11724137931034483
0 0.6833333333333333 0.47413793103448276 0.03333333333333333 0.08620689655172414
0 0.7433333333333333 0.35344827586206895 0.03666666666666667 0.07931034482758621
0 0.7725 0.3448275862068966 0.011666666666666667 0.027586206896551724
0 0.6633333333333333 0.3810344827586207 0.013333333333333334 0.03793103448275862
0 0.6516666666666666 0.40344827586206894 0.016666666666666666 0.041379310344827586
0 0.625 0.3793103448275862 0.013333333333333334 0.027586206896551724
0 0.7058333333333333 0.3396551724137931 0.011666666666666667 0.02413793103448276
0 0.5975 0.4 0.015 0.034482758620689655
0 0.5333333333333333 0.3396551724137931 0.01 0.02413793103448276
0 0.48333333333333334 0.4068965517241379 0.02 0.06206896551724138
0 0.4325 0.33793103448275863 0.015 0.034482758620689655
0 0.455 0.3689655172413793 0.01 0.020689655172413793
0 0.4166666666666667 0.47758620689655173 0.03333333333333333 0.07931034482758621
0 0.4025 0.43103448275862066 0.025 0.05517241379310345
0 0.3383333333333333 0.42758620689655175 0.023333333333333334 0.04827586206896552
0 0.35 0.4603448275862069 0.023333333333333334 0.07241379310344828
0 0.2833333333333333 0.47586206896551725 0.03666666666666667 0.07586206896551724
0 0.3025 0.4362068965517241 0.018333333333333333 0.04482758620689655
0 0.32 0.4017241379310345 0.016666666666666666 0.03793103448275862
0 0.24583333333333332 0.44655172413793104 0.025 0.05862068965517241
0 0.195 0.5431034482758621 0.04 0.08620689655172414
0 0.18666666666666668 0.44655172413793104 0.023333333333333334 0.05862068965517241
0 0.1625 0.4086206896551724 0.018333333333333333 0.04482758620689655
0 0.15916666666666668 0.4517241379310345 0.021666666666666667 0.04827586206896552
0 0.1325 0.3896551724137931 0.015 0.034482758620689655
0 0.11083333333333334 0.3879310344827586 0.011666666666666667 0.03103448275862069
0 0.1 0.3810344827586207 0.01 0.03103448275862069
0 0.07 0.3758620689655172 0.013333333333333334 0.027586206896551724
0 0.2675 0.34655172413793106 0.008333333333333333 0.03103448275862069
0 0.22 0.3793103448275862 0.01 0.027586206896551724
0 0.23083333333333333 0.39655172413793105 0.011666666666666667 0.034482758620689655
0 0.20583333333333334 0.4103448275862069 0.011666666666666667 0.027586206896551724
