0 0.150625 0.5675 0.07875 0.115
0 0.131875 0.49333333333333335 0.05375 0.08
0 0.070625 0.44916666666666666 0.03625 0.06166666666666667
0 0.04375 0.43416666666666665 0.0425 0.065
0 0.08 0.36333333333333334 0.0175 0.023333333333333334
0 0.096875 0.3575 0.01625 0.028333333333333332
0 0.095625 0.4125 0.02875 0.045
0 0.125 0.42 0.035 0.04666666666666667
0 0.174375 0.45166666666666666 0.04375 0.07333333333333333
0 0.164375 0.345 0.02625 0.043333333333333335
0 0.129375 0.3566666666666667 0.01625 0.023333333333333334
0 0.203125 0.37666666666666665 0.02125 0.03
0 0.230625 0.43416666666666665 0.03375 0.051666666666666666
0 0.23 0.5 0.0425 0.06333333333333334
0 0.30625 0.5525 0.0725 0.105
0 0.32375 0.4866666666666667 0.0375 0.06
0 0.255625 0.405 0.01875 0.03333333333333333
0 0.27 0.4141666666666667 0.025 0.035
0 0.301875 0.4033333333333333 0.01875 0.03666666666666667
0 0.305625 0.38333333333333336 0.01625 0.023333333333333334
0 0.335 0.4116666666666667 0.0225 0.03666666666666667
0 0.330625 0.3725 0.01375 0.021666666666666667
0 0.36375 0.43916666666666665 0.0275 0.045
0 0.42 0.515 0.045 0.07
0 0.52625 0.5325 0.0475 0.085
0 0.36125 0.37333333333333335 0.015 0.03
0 0.406875 0.38083333333333336 0.01375 0.018333333333333333
0 0.420625 0.3975 0.01625 0.028333333333333332
0 0.40625 0.4191666666666667 0.025 0.035
0 0.421875 0.43333333333333335 0.03125 0.04
0 0.453125 0.4191666666666667 0.01875 0.03166666666666667
0 0.4575 0.3875 0.0125 0.018333333333333333
0 0.486875 0.385 0.01375 0.023333333333333334
0 0.498125 0.3958333333333333 0.01875 0.025
0 0.530625 0.4325 0.02875 0.041666666666666664
0 0.504375 0.43833333333333335 0.02375 0.043333333333333335
0 0.484375 0.43916666666666665 0.02625 0.04833333333333333
0 0.46375 0.43416666666666665 0.02 0.03166666666666667
0 0.55 0.38333333333333336 0.0125 0.02666666666666667
0 0.55375 0.39916666666666667 0.015 0.025
0 0.566875 0.4033333333333333 0.01625 0.03
0 0.580625 0.41833333333333333 0.02125 0.03666666666666667
0 0.591875 0.395 0.01625 0.02666666666666667
0 0.550625 0.4216666666666667 0.01875 0.02666666666666667
0 0.539375 0.4716666666666667 0.03375 0.05333333333333334
0 0.6 0.4766666666666667 0.03 0.05333333333333334
0 0.625 0.4775 0.035 0.065
0 0.62125 0.435 0.0275 0.03666666666666667
0 0.646875 0.41333333333333333 0.02125 0.03333333333333333
0 0.671875 0.40166666666666667 0.01375 0.02666666666666667
0 0.671875 0.4608333333333333 0.03125 0.055
0 0.6975 0.42583333333333334 0.025 0.045
0 0.725 0.4175 0.015 0.025
0 0.75 0.43166666666666664 0.02 0.03666666666666667
0 0.731875 0.4825 0.03625 0.06166666666666667
0 0.7725 0.45666666666666667 0.02 0.03666666666666667
0 0.79625 0.4325 0.0275 0.03833333333333333
0 0.784375 0.41333333333333333 0.01625 0.02666666666666667
0 0.820625 0.4375 0.01875 0.035
0 0.823125 0.4175 0.01625 0.025
0 0.83875 0.43333333333333335 0.0175 0.03
0 0.861875 0.45666666666666667 0.02125 0.04
0 0.7975 0.5008333333333334 0.0425 0.06833333333333333
0 0.83 0.495 0.035 0.07
0 0.88625 0.48583333333333334 0.0375 0.058333333333333334
0 0.89125 0.4508333333333333 0.0275 0.041666666666666664
0 0.91625 0.48833333333333334 0.025 0.06
0 0.943125 0.485 0.02625 0.06
0 0.933125 0.4325 0.01625 0.028333333333333332
0 0.94375 0.43083333333333335 0.015 0.028333333333333332
