0 0.07090909090909091 0.4726775956284153 0.05818181818181818 0.13114754098360656
0 0.09090909090909091 0.40846994535519127 0.07272727272727272 0.1448087431693989
0 0.13636363636363635 0.4030054644808743 0.05818181818181818 0.11202185792349727
0 0.5609090909090909 0.25136612021857924 0.056363636363636366 0.10382513661202186
0 0.6218181818181818 0.39344262295081966 0.06545454545454546 0.12021857923497267
0 0.6609090909090909 0.41530054644808745 0.06727272727272728 0.12568306010928962
0 0.6936363636363636 0.42349726775956287 0.0890909090909091 0.16393442622950818
0 0.8118181818181818 0.46584699453551914 0.10363636363636364 0.16666666666666666
0 0.8427272727272728 0.3825136612021858 0.06727272727272728 0.1092896174863388
0 0.9190909090909091 0.4959016393442623 0.11090909090909092 0.2103825136612022
