0 0.15842105263157893 0.3497191011235955 0.13157894736842105 0.21348314606741572
0 0.18052631578947367 0.7457865168539326 0.1968421052631579 0.29775280898876405
0 0.2710526315789474 0.6474719101123596 0.07684210526315789 0.12640449438202248
0 0.3215789473684211 0.6341292134831461 0.05368421052631579 0.0997191011235955
0 0.4226315789473684 0.6285112359550562 0.08736842105263158 0.13904494382022473
0 0.4673684210526316 0.6846910112359551 0.035789473684210524 0.06320224719101124
0 0.45631578947368423 0.6446629213483146 0.03684210526315789 0.08146067415730338
0 0.5194736842105263 0.8686797752808989 0.19473684210526315 0.2598314606741573
0 0.6015789473684211 0.6594101123595506 0.06631578947368422 0.10814606741573034
0 0.6505263157894737 0.6938202247191011 0.09894736842105263 0.17134831460674158
0 0.7578947368421053 0.6987359550561798 0.06947368421052631 0.11657303370786516
0 0.8405263157894737 0.6945224719101124 0.06210526315789474 0.08567415730337079
0 0.7173684210526315 0.6825842696629213 0.05578947368421053 0.08426966292134831
0 0.9405263157894737 0.3574438202247191 0.11263157894736842 0.20926966292134833
