0 0.02890625 0.54375 0.0546875 0.07916666666666666
0 0.04765625 0.7416666666666667 0.0921875 0.15416666666666667
0 0.24296875 0.8427083333333333 0.1671875 0.21458333333333332
0 0.16953125 0.7479166666666667 0.0671875 0.07916666666666666
0 0.4734375 0.6177083333333333 0.040625 0.06041666666666667
0 0.49609375 0.74375 0.0421875 0.058333333333333334
0 0.546875 0.7416666666666667 0.040625 0.058333333333333334
0 0.60390625 0.7708333333333334 0.0515625 0.07916666666666666
0 0.69375 0.790625 0.06875 0.08958333333333333
0 0.7125 0.7447916666666666 0.040625 0.06041666666666667
0 0.8390625 0.8145833333333333 0.090625 0.12916666666666668
0 0.8234375 0.740625 0.046875 0.06041666666666667
0 0.871875 0.73125 0.046875 0.07916666666666666
0 0.93203125 0.734375 0.0546875 0.08125
