0 0.09791666666666667 0.593359375 0.08958333333333333 0.08671875
0 0.18177083333333333 0.530078125 0.042708333333333334 0.03828125
0 0.22135416666666666 0.50859375 0.046875 0.0375
0 0.265625 0.55234375 0.06666666666666667 0.0625
0 0.3692708333333333 0.5609375 0.09270833333333334 0.065625
0 0.38645833333333335 0.656640625 0.12083333333333333 0.10390625
0 0.5833333333333334 0.583984375 0.07291666666666667 0.06484375
0 0.8229166666666666 0.650390625 0.10833333333333334 0.09453125
0 0.5104166666666666 0.547265625 0.06458333333333334 0.05234375
0 0.48125 0.509375 0.0375 0.0359375
0 0.41822916666666665 0.510546875 0.03854166666666667 0.03828125
0 0.45416666666666666 0.494921875 0.03333333333333333 0.03046875
0 0.425 0.4796875 0.029166666666666667 0.021875
0 0.43854166666666666 0.463671875 0.020833333333333332 0.01796875
0 0.4557291666666667 0.46171875 0.019791666666666666 0.0171875
0 0.49114583333333334 0.46328125 0.028125 0.0265625
0 0.5447916666666667 0.46015625 0.025 0.0203125
0 0.5625 0.4734375 0.03125 0.0234375
0 0.6453125 0.480078125 0.030208333333333334 0.02578125
0 0.6661458333333333 0.491015625 0.034375 0.02578125
0 0.6927083333333334 0.493359375 0.029166666666666667 0.02578125
0 0.6927083333333334 0.467578125 0.020833333333333332 0.01640625
0 0.7177083333333333 0.46328125 0.022916666666666665 0.0203125
0 0.7348958333333333 0.469921875 0.028125 0.01953125
0 0.771875 0.501171875 0.041666666666666664 0.04140625
0 0.7479166666666667 0.498828125 0.027083333333333334 0.02734375
0 0.7947916666666667 0.463671875 0.03333333333333333 0.02265625
0 0.7682291666666666 0.465625 0.019791666666666666 0.01875
0 0.7776041666666667 0.4328125 0.017708333333333333 0.0171875
0 0.8494791666666667 0.48984375 0.030208333333333334 0.0296875
0 0.8416666666666667 0.5234375 0.05 0.0453125
0 0.9036458333333334 0.504296875 0.04895833333333333 0.03671875
0 0.9171875 0.480078125 0.036458333333333336 0.03046875
0 0.8822916666666667 0.477734375 0.027083333333333334 0.02578125
0 0.8411458333333334 0.4703125 0.028125 0.021875
0 0.825 0.484375 0.03125 0.0296875
0 0.41875 0.4359375 0.01875 0.0140625
0 0.38177083333333334 0.430078125 0.019791666666666666 0.01484375
0 0.3375 0.5078125 0.04375 0.0328125
0 0.36770833333333336 0.48828125 0.027083333333333334 0.0203125
0 0.38333333333333336 0.473828125 0.025 0.02109375
0 0.3625 0.468359375 0.022916666666666665 0.02109375
0 0.34791666666666665 0.466796875 0.022916666666666665 0.01640625
0 0.2526041666666667 0.475390625 0.036458333333333336 0.03203125
0 0.134375 0.46171875 0.022916666666666665 0.015625
0 0.13854166666666667 0.42578125 0.027083333333333334 0.0234375
0 0.09270833333333334 0.48359375 0.0375 0.0265625
0 0.10572916666666667 0.46171875 0.026041666666666668 0.021875
0 0.13072916666666667 0.487109375 0.030208333333333334 0.02421875
0 0.15833333333333333 0.496484375 0.035416666666666666 0.02734375
0 0.19166666666666668 0.490625 0.025 0.021875
0 0.18802083333333333 0.467578125 0.019791666666666666 0.01953125
0 0.21458333333333332 0.472265625 0.022916666666666665 0.02109375
0 0.15885416666666666 0.4703125 0.019791666666666666 0.01875
0 0.0453125 0.479296875 0.030208333333333334 0.02109375
0 0.04895833333333333 0.464453125 0.020833333333333332 0.01640625
0 0.06927083333333334 0.46796875 0.026041666666666668 0.025
