0 0.034 0.3888888888888889 0.056 0.10510510510510511
0 0.082 0.3633633633633634 0.052 0.08408408408408409
0 0.281 0.3738738738738739 0.046 0.08708708708708708
0 0.345 0.37987987987987987 0.042 0.06906906906906907
0 0.384 0.34684684684684686 0.036 0.06306306306306306
0 0.43 0.34684684684684686 0.032 0.057057057057057055
0 0.606 0.506006006006006 0.092 0.17717717717717718
0 0.757 0.27927927927927926 0.03 0.04804804804804805
0 0.807 0.4069069069069069 0.07 0.12912912912912913
0 0.841 0.3738738738738739 0.042 0.08108108108108109
0 0.881 0.3708708708708709 0.046 0.08108108108108109
0 0.919 0.36486486486486486 0.05 0.08708708708708708
