0 0.19899665551839466 0.81125 0.07357859531772576 0.1325
0 0.14715719063545152 0.71625 0.05016722408026756 0.0875
0 0.1956521739130435 0.70625 0.056856187290969896 0.0875
0 0.32525083612040134 0.825 0.10535117056856187 0.155
0 0.3879598662207358 0.69 0.05351170568561873 0.105
0 0.4590301003344482 0.68875 0.051839464882943144 0.0875
0 0.6003344481605352 0.69875 0.05351170568561873 0.0975
0 0.6362876254180602 0.69 0.048494983277591976 0.09
0 0.6220735785953178 0.46625 0.030100334448160536 0.0575
0 0.6655518394648829 0.905 0.12040133779264214 0.175
0 0.7316053511705686 0.75125 0.08528428093645485 0.1525
0 0.7550167224080268 0.63875 0.05518394648829431 0.0825
0 0.7909698996655519 0.6625 0.03678929765886288 0.07
0 0.9163879598662207 0.67375 0.0802675585284281 0.1225
