0 0.165 0.4775 0.12 0.195
0 0.4683333333333333 0.4825 0.02 0.04
0 0.5158333333333334 0.485 0.021666666666666667 0.05
0 0.5325 0.45625 0.018333333333333333 0.0325
0 0.5541666666666667 0.49375 0.025 0.0475
0 0.5558333333333333 0.45375 0.021666666666666667 0.0375
0 0.595 0.4375 0.02 0.03
0 0.6183333333333333 0.44875 0.02 0.0425
0 0.6016666666666667 0.48875 0.023333333333333334 0.0425
0 0.6466666666666666 0.485 0.03 0.055
0 0.635 0.425 0.02 0.035
0 0.6658333333333334 0.4575 0.025 0.04
0 0.6733333333333333 0.42125 0.02 0.0375
0 0.7241666666666666 0.43625 0.025 0.0425
0 0.7141666666666666 0.495 0.03166666666666667 0.06
0 0.7766666666666666 0.49625 0.03333333333333333 0.0575
0 0.8108333333333333 0.4425 0.03166666666666667 0.055
0 0.7966666666666666 0.40375 0.02 0.0375
0 0.8625 0.4025 0.025 0.05
0 0.9241666666666667 0.44 0.041666666666666664 0.07
0 0.87 0.50625 0.04666666666666667 0.0675
