0 0.0325 0.41854636591478694 0.03166666666666667 0.05513784461152882
0 0.06333333333333334 0.41353383458646614 0.03 0.040100250626566414
0 0.14166666666666666 0.42606516290726815 0.023333333333333334 0.045112781954887216
0 0.19083333333333333 0.518796992481203 0.10166666666666667 0.17543859649122806
0 0.24583333333333332 0.47869674185463656 0.055 0.11528822055137844
0 0.22166666666666668 0.42606516290726815 0.04 0.06516290726817042
0 0.26416666666666666 0.4273182957393484 0.03833333333333333 0.06766917293233082
0 0.31 0.44110275689223055 0.03333333333333333 0.045112781954887216
0 0.35083333333333333 0.42105263157894735 0.041666666666666664 0.05513784461152882
0 0.3541666666666667 0.46365914786967416 0.045 0.07518796992481203
0 0.40166666666666667 0.49624060150375937 0.05333333333333334 0.13032581453634084
0 0.45666666666666667 0.4974937343358396 0.09333333333333334 0.18796992481203006
0 0.4875 0.44110275689223055 0.045 0.08020050125313283
0 0.5375 0.46867167919799496 0.051666666666666666 0.09523809523809523
0 0.5525 0.42857142857142855 0.021666666666666667 0.040100250626566414
0 0.5733333333333334 0.42857142857142855 0.023333333333333334 0.05012531328320802
0 0.6016666666666667 0.43734335839599 0.02666666666666667 0.047619047619047616
0 0.63 0.44110275689223055 0.02666666666666667 0.06015037593984962
0 0.6658333333333334 0.4774436090225564 0.075 0.14285714285714285
0 0.7358333333333333 0.4699248120300752 0.045 0.07769423558897243
0 0.8083333333333333 0.5213032581453634 0.09666666666666666 0.19047619047619047
0 0.8933333333333333 0.46115288220551376 0.05 0.10025062656641603
0 0.9533333333333334 0.4824561403508772 0.043333333333333335 0.07769423558897243
