0 0.031875 0.5968819599109132 0.04625 0.0757238307349666
0 0.048125 0.5690423162583519 0.03375 0.0645879732739421
0 0.12 0.5968819599109132 0.045 0.0801781737193764
0 0.179375 0.5512249443207127 0.09875 0.15367483296213807
0 0.310625 0.5824053452115813 0.04625 0.08685968819599109
0 0.37375 0.5968819599109132 0.045 0.08463251670378619
0 0.42 0.5055679287305123 0.08 0.155902004454343
0 0.375 0.7405345211581291 0.0875 0.16258351893095768
0 0.30125 0.688195991091314 0.0575 0.111358574610245
0 0.265 0.9265033407572383 0.125 0.14253897550111358
0 0.804375 0.576837416481069 0.03875 0.062360801781737196
0 0.8625 0.60913140311804 0.0475 0.0779510022271715
0 0.888125 0.6670378619153675 0.06125 0.10467706013363029
0 0.915625 0.5757238307349666 0.04875 0.0957683741648107
