0 0.067 0.524024024024024 0.094 0.12912912912912913
0 0.213 0.44894894894894893 0.046 0.08108108108108109
0 0.437 0.3303303303303303 0.026 0.05405405405405406
0 0.536 0.4069069069069069 0.036 0.06906906906906907
0 0.56 0.45345345345345345 0.052 0.08408408408408409
0 0.618 0.527027027027027 0.068 0.11711711711711711
0 0.63 0.44144144144144143 0.036 0.06606606606606606
0 0.681 0.4594594594594595 0.046 0.07807807807807808
0 0.717 0.43843843843843844 0.038 0.07207207207207207
0 0.766 0.46846846846846846 0.06 0.08408408408408409
0 0.791 0.6186186186186187 0.122 0.2222222222222222
0 0.927 0.5900900900900901 0.094 0.14114114114114115
0 0.873 0.487987987987988 0.058 0.09309309309309309
0 0.852 0.44594594594594594 0.044 0.06906906906906907
0 0.885 0.41291291291291293 0.038 0.07507507507507508
0 0.966 0.45645645645645644 0.04 0.07207207207207207
0 0.98 0.4804804804804805 0.036 0.08408408408408409
