0 0.06117094725214029 0.429061000685401 0.04943385805026236 0.05962988348183688
0 0.03286384976525822 0.42426319396847156 0.033140016570008285 0.05071967100753941
0 0.1155758077879039 0.4105551747772447 0.04114885390776029 0.06031528444139822
0 0.1767467550400442 0.38982179575051407 0.041425020712510356 0.05791638108293352
0 0.200082850041425 0.45236463331048665 0.051090858878762774 0.06511309115832763
0 0.25462579397956364 0.43368745716244 0.0392156862745098 0.05791638108293352
0 0.2819663076498205 0.45390678546949964 0.0392156862745098 0.059972583961617545
0 0.2981220657276995 0.3968471555860178 0.036730185031759184 0.0520904729266621
0 0.20339685169842586 0.2075051405071967 0.03286384976525822 0.04420836189170665
0 0.23874620270643468 0.22429746401644962 0.03452085059375863 0.049006168608636054
0 0.27823805578569455 0.22721041809458534 0.030654515327257662 0.047292666209732694
0 0.3316763325048329 0.2337217272104181 0.03534935100800884 0.05414667580534613
0 0.3612261806130903 0.2136737491432488 0.02264567798950566 0.03735435229609321
0 0.36136426401546534 0.454592186429061 0.04225352112676056 0.05860178204249486
0 0.35100800883733774 0.41449623029472243 0.033692350179508425 0.04694996572995202
0 0.3620546810273405 0.3891363947909527 0.03755868544600939 0.04489376285126799
0 0.38331952499309585 0.21692940370116517 0.0231980115990058 0.039753255654557916
0 0.4190831262082298 0.4199794379712132 0.03949185307925987 0.049006168608636054
0 0.44338580502623587 0.40181631254283756 0.029549848108257386 0.043522960932145305
0 0.4563656448494891 0.3766278272789582 0.03286384976525822 0.04592186429061001
0 0.4700359016846175 0.4504797806716929 0.041977354322010496 0.06545579163810829
0 0.49848108257387463 0.43625771076079506 0.03811101905550953 0.06100068540095956
0 0.5782932891466446 0.45476353666895136 0.04308202154101077 0.05894448252227553
0 0.5740127036730185 0.41449623029472243 0.03452085059375863 0.041466758053461276
0 0.5742888704777686 0.3875942426319397 0.027892847279756973 0.03838245373543523
0 0.6241369787351561 0.4110692254969157 0.030930682132007732 0.0496915695681974
0 0.651615575807788 0.4343728581220014 0.03893951946975974 0.06134338588074023
0 0.5945871306268986 0.22104180945853324 0.03424468378900856 0.055517477724468814
0 0.6741231703949185 0.21093214530500343 0.030930682132007732 0.04283755997258396
0 0.5283070974868821 0.20630568882796435 0.030378348522507596 0.033584647018505824
0 0.5044186688760011 0.21795750514050719 0.018503175918254625 0.02604523646333105
0 0.48384424192212094 0.20339273474982866 0.024855012427506214 0.02844413982179575
0 0.436067384700359 0.21435915010281015 0.03203534935100801 0.04215215901302262
0 0.4177022921844794 0.20527758738862234 0.026788180060756697 0.03015764222069911
0 0.45222314277823805 0.20390678546949967 0.02292184479425573 0.03015764222069911
0 0.7736813035073185 0.2284098697738177 0.09417288041977355 0.13056888279643591
0 0.9004418668876001 0.4153529814941741 0.03286384976525822 0.06305688827964359
0 0.9509803921568627 0.4593899931459904 0.045567522783761395 0.07093899931459904
