0 0.05545454545454546 0.5242130750605327 0.10363636363636364 0.14769975786924938
0 0.10545454545454545 0.387409200968523 0.04 0.06295399515738499
0 0.22272727272727272 0.2711864406779661 0.04181818181818182 0.05811138014527845
0 0.2081818181818182 0.4600484261501211 0.09272727272727273 0.10653753026634383
0 0.37454545454545457 0.4491525423728814 0.07636363636363637 0.12832929782082325
0 0.43727272727272726 0.3583535108958838 0.06 0.0774818401937046
0 0.36454545454545456 0.33171912832929784 0.038181818181818185 0.06295399515738499
0 0.6272727272727273 0.3644067796610169 0.04363636363636364 0.06053268765133172
0 0.6527272727272727 0.3280871670702179 0.03636363636363636 0.05084745762711865
0 0.7190909090909091 0.29539951573849876 0.038181818181818185 0.06295399515738499
0 0.7763636363636364 0.4406779661016949 0.10181818181818182 0.1694915254237288
0 0.7772727272727272 0.36077481840193704 0.07454545454545454 0.09200968523002422
0 0.8518181818181818 0.3196125907990315 0.04909090909090909 0.07263922518159806
0 0.9172727272727272 0.3559322033898305 0.06363636363636363 0.0774818401937046
0 0.9709090909090909 0.3341404358353511 0.05454545454545454 0.08232445520581114
