0 0.07166666666666667 0.2866847826086957 0.05333333333333334 0.09510869565217392
0 0.1675 0.264945652173913 0.045 0.07880434782608696
0 0.2125 0.22418478260869565 0.041666666666666664 0.07880434782608696
0 0.18833333333333332 0.48233695652173914 0.06 0.09510869565217392
0 0.255 0.327445652173913 0.056666666666666664 0.08967391304347826
0 0.2758333333333333 0.2717391304347826 0.03833333333333333 0.07608695652173914
0 0.3233333333333333 0.23097826086956522 0.05333333333333334 0.09782608695652174
0 0.37833333333333335 0.27309782608695654 0.056666666666666664 0.08423913043478261
0 0.3258333333333333 0.5095108695652174 0.055 0.10054347826086957
0 0.42583333333333334 0.2513586956521739 0.041666666666666664 0.07880434782608696
0 0.4558333333333333 0.31929347826086957 0.041666666666666664 0.07880434782608696
0 0.5041666666666667 0.27445652173913043 0.03833333333333333 0.08152173913043478
0 0.545 0.26358695652173914 0.043333333333333335 0.08695652173913043
0 0.5858333333333333 0.24864130434782608 0.03833333333333333 0.07880434782608696
0 0.6241666666666666 0.2595108695652174 0.045 0.08967391304347826
0 0.6716666666666666 0.26222826086956524 0.03666666666666667 0.07880434782608696
0 0.71 0.29891304347826086 0.04 0.08152173913043478
0 0.7508333333333334 0.26358695652173914 0.041666666666666664 0.07065217391304347
0 0.7933333333333333 0.3138586956521739 0.043333333333333335 0.08967391304347826
0 0.8258333333333333 0.26766304347826086 0.041666666666666664 0.08423913043478261
0 0.8825 0.266304347826087 0.041666666666666664 0.08695652173913043
0 0.9225 0.22282608695652173 0.04833333333333333 0.09782608695652174
0 0.8958333333333334 0.46603260869565216 0.045 0.08967391304347826
0 0.8125 0.4578804347826087 0.04833333333333333 0.08967391304347826
0 0.71 0.5081521739130435 0.056666666666666664 0.10869565217391304
0 0.5833333333333334 0.4891304347826087 0.056666666666666664 0.11413043478260869
0 0.44166666666666665 0.48641304347826086 0.06 0.10869565217391304
