0 0.118 0.493993993993994 0.056 0.10510510510510511
0 0.158 0.43093093093093093 0.044 0.06906906906906907
0 0.223 0.43093093093093093 0.042 0.06906906906906907
0 0.285 0.43543543543543545 0.038 0.07207207207207207
0 0.317 0.4114114114114114 0.03 0.042042042042042045
0 0.384 0.43093093093093093 0.044 0.07507507507507508
0 0.483 0.4159159159159159 0.026 0.04504504504504504
0 0.538 0.581081081081081 0.108 0.1891891891891892
0 0.528 0.45645645645645644 0.052 0.08408408408408409
0 0.548 0.4294294294294294 0.04 0.07207207207207207
0 0.572 0.2852852852852853 0.024 0.04804804804804805
0 0.621 0.4594594594594595 0.042 0.07207207207207207
0 0.648 0.49099099099099097 0.056 0.09309309309309309
0 0.756 0.43093093093093093 0.044 0.06906906906906907
0 0.794 0.487987987987988 0.064 0.09309309309309309
0 0.908 0.43843843843843844 0.056 0.0960960960960961
