0 0.19308035714285715 0.785 0.22098214285714285 0.30333333333333334
0 0.24553571428571427 0.45166666666666666 0.13392857142857142 0.18333333333333332
0 0.21651785714285715 0.38333333333333336 0.09375 0.14666666666666667
0 0.19642857142857142 0.32 0.07589285714285714 0.10666666666666667
0 0.14620535714285715 0.2633333333333333 0.04241071428571429 0.07333333333333333
0 0.34375 0.25 0.03125 0.06
0 0.3671875 0.24833333333333332 0.03794642857142857 0.07
0 0.38950892857142855 0.28 0.04241071428571429 0.08666666666666667
0 0.5089285714285714 0.30666666666666664 0.049107142857142856 0.07333333333333333
0 0.5613839285714286 0.30833333333333335 0.05580357142857143 0.09
0 0.6283482142857143 0.355 0.07366071428571429 0.12333333333333334
0 0.7399553571428571 0.435 0.08705357142857142 0.15666666666666668
0 0.9520089285714286 0.5816666666666667 0.09151785714285714 0.22333333333333333
0 0.7823660714285714 0.32166666666666666 0.046875 0.09
0 0.8839285714285714 0.29833333333333334 0.044642857142857144 0.07
