0 0.085 0.47333333333333333 0.07 0.1288888888888889
0 0.2683333333333333 0.52 0.11 0.19555555555555557
0 0.33666666666666667 0.2577777777777778 0.08 0.14222222222222222
0 0.22833333333333333 0.37777777777777777 0.05 0.06222222222222222
0 0.16666666666666666 0.36444444444444446 0.04 0.06222222222222222
0 0.12333333333333334 0.36444444444444446 0.04 0.05333333333333334
0 0.08333333333333333 0.34444444444444444 0.03333333333333333 0.06666666666666667
0 0.018333333333333333 0.34 0.023333333333333334 0.04888888888888889
0 0.4816666666666667 0.4666666666666667 0.056666666666666664 0.10666666666666667
0 0.5366666666666666 0.41333333333333333 0.04666666666666667 0.08
0 0.5083333333333333 0.3844444444444444 0.03 0.057777777777777775
0 0.4216666666666667 0.38222222222222224 0.03666666666666667 0.07111111111111111
0 0.7216666666666667 0.5177777777777778 0.09 0.1288888888888889
0 0.735 0.4177777777777778 0.056666666666666664 0.10666666666666667
0 0.8516666666666667 0.5244444444444445 0.07 0.11555555555555555
0 0.8483333333333334 0.45111111111111113 0.05 0.06666666666666667
0 0.9116666666666666 0.48444444444444446 0.06333333333333334 0.08888888888888889
0 0.9383333333333334 0.4266666666666667 0.03666666666666667 0.06222222222222222
0 0.89 0.4288888888888889 0.04 0.06666666666666667
0 0.815 0.4066666666666667 0.03666666666666667 0.057777777777777775
0 0.6816666666666666 0.42444444444444446 0.03666666666666667 0.057777777777777775
0 0.605 0.4311111111111111 0.05 0.07111111111111111
0 0.57 0.39111111111111113 0.03333333333333333 0.06222222222222222
0 0.5933333333333334 0.36444444444444446 0.04 0.05333333333333334
0 0.6283333333333333 0.3888888888888889 0.03666666666666667 0.057777777777777775
0 0.6316666666666667 0.35333333333333333 0.043333333333333335 0.057777777777777775
0 0.68 0.3688888888888889 0.04 0.05333333333333334
0 0.5516666666666666 0.3488888888888889 0.023333333333333334 0.04888888888888889
0 0.46 0.3511111111111111 0.02666666666666667 0.035555555555555556
0 0.4 0.3288888888888889 0.02 0.035555555555555556
