0 0.1425 0.4813519813519814 0.03833333333333333 0.07226107226107226
0 0.16333333333333333 0.5757575757575758 0.04 0.07459207459207459
0 0.20166666666666666 0.527972027972028 0.03666666666666667 0.06293706293706294
0 0.2275 0.486013986013986 0.03833333333333333 0.06293706293706294
0 0.20916666666666667 0.44871794871794873 0.03166666666666667 0.053613053613053616
0 0.24916666666666668 0.5757575757575758 0.03833333333333333 0.06993006993006994
0 0.31333333333333335 0.578088578088578 0.03333333333333333 0.06060606060606061
0 0.29333333333333333 0.49417249417249415 0.03333333333333333 0.055944055944055944
0 0.2816666666666667 0.45104895104895104 0.03333333333333333 0.053613053613053616
0 0.3333333333333333 0.45104895104895104 0.03666666666666667 0.04895104895104895
0 0.3433333333333333 0.5 0.03333333333333333 0.053613053613053616
0 0.3625 0.5174825174825175 0.035 0.05128205128205128
0 0.37166666666666665 0.5641025641025641 0.03666666666666667 0.06993006993006994
0 0.39416666666666667 0.46153846153846156 0.035 0.06060606060606061
0 0.41333333333333333 0.5011655011655012 0.03 0.06060606060606061
0 0.44333333333333336 0.5303030303030303 0.03333333333333333 0.053613053613053616
0 0.43833333333333335 0.5815850815850816 0.04 0.06293706293706294
0 0.48 0.5081585081585082 0.04 0.055944055944055944
0 0.45916666666666667 0.44871794871794873 0.035 0.06293706293706294
0 0.5041666666666667 0.5641025641025641 0.03833333333333333 0.06060606060606061
0 0.5391666666666667 0.5291375291375291 0.035 0.06060606060606061
0 0.535 0.4358974358974359 0.03666666666666667 0.06060606060606061
0 0.6225 0.4114219114219114 0.03833333333333333 0.06293706293706294
0 0.6108333333333333 0.5233100233100233 0.03166666666666667 0.05827505827505827
0 0.5733333333333334 0.5862470862470862 0.04 0.05827505827505827
0 0.6316666666666667 0.5722610722610723 0.043333333333333335 0.0675990675990676
0 0.6833333333333333 0.5407925407925408 0.03666666666666667 0.06060606060606061
0 0.71 0.5699300699300699 0.04 0.05827505827505827
0 0.6858333333333333 0.48717948717948717 0.03833333333333333 0.055944055944055944
0 0.7083333333333334 0.4324009324009324 0.03333333333333333 0.05827505827505827
0 0.76 0.46503496503496505 0.03666666666666667 0.05827505827505827
0 0.7666666666666667 0.5209790209790209 0.03666666666666667 0.06293706293706294
0 0.8041666666666667 0.5641025641025641 0.041666666666666664 0.06526806526806526
0 0.8591666666666666 0.5361305361305362 0.041666666666666664 0.06526806526806526
0 0.7983333333333333 0.43006993006993005 0.03666666666666667 0.05827505827505827
