0 0.024305555555555556 0.5034722222222222 0.04513888888888889 0.07175925925925926
0 0.06076388888888889 0.47685185185185186 0.027777777777777776 0.05092592592592592
0 0.030381944444444444 0.4212962962962963 0.03298611111111111 0.05092592592592592
0 0.0625 0.4363425925925926 0.027777777777777776 0.03935185185185185
0 0.0920138888888889 0.38425925925925924 0.017361111111111112 0.032407407407407406
0 0.0954861111111111 0.36574074074074076 0.017361111111111112 0.023148148148148147
0 0.041666666666666664 0.36574074074074076 0.017361111111111112 0.027777777777777776
0 0.1362847222222222 0.5 0.050347222222222224 0.06018518518518518
0 0.21180555555555555 0.5613425925925926 0.0625 0.09027777777777778
0 0.1996527777777778 0.5173611111111112 0.04861111111111111 0.0625
0 0.2265625 0.48726851851851855 0.022569444444444444 0.03935185185185185
0 0.1597222222222222 0.43287037037037035 0.017361111111111112 0.023148148148148147
0 0.22135416666666666 0.42592592592592593 0.019097222222222224 0.037037037037037035
0 0.2734375 0.5289351851851852 0.022569444444444444 0.04398148148148148
0 0.296875 0.5474537037037037 0.034722222222222224 0.0625
0 0.328125 0.4710648148148148 0.017361111111111112 0.03009259259259259
0 0.421875 0.5486111111111112 0.04513888888888889 0.06481481481481481
0 0.4678819444444444 0.5555555555555556 0.026041666666666668 0.037037037037037035
0 0.4904513888888889 0.5775462962962963 0.019097222222222224 0.034722222222222224
0 0.5329861111111112 0.5810185185185185 0.024305555555555556 0.037037037037037035
0 0.5477430555555556 0.5949074074074074 0.03298611111111111 0.041666666666666664
0 0.6258680555555556 0.6018518518518519 0.019097222222222224 0.037037037037037035
0 0.6605902777777778 0.6145833333333334 0.022569444444444444 0.034722222222222224
0 0.6866319444444444 0.6226851851851852 0.019097222222222224 0.032407407407407406
0 0.9470486111111112 0.6909722222222222 0.06770833333333333 0.08564814814814815
