0 0.06 0.6666666666666666 0.088 0.12012012012012012
0 0.06 0.8138138138138138 0.1 0.16216216216216217
0 0.168 0.6501501501501501 0.06 0.08708708708708708
0 0.238 0.7117117117117117 0.088 0.12612612612612611
0 0.262 0.8663663663663663 0.176 0.26126126126126126
0 0.364 0.7912912912912913 0.108 0.2012012012012012
0 0.434 0.7117117117117117 0.076 0.12012012012012012
0 0.444 0.6396396396396397 0.04 0.07207207207207207
0 0.403 0.6471471471471472 0.046 0.08108108108108109
0 0.355 0.6681681681681682 0.062 0.08708708708708708
0 0.293 0.6336336336336337 0.05 0.07207207207207207
0 0.262 0.6171171171171171 0.04 0.06306306306306306
0 0.327 0.6336336336336337 0.042 0.06006006006006006
0 0.516 0.6636636636636637 0.056 0.08408408408408409
0 0.525 0.6336336336336337 0.054 0.07807807807807808
0 0.582 0.6471471471471472 0.048 0.06306306306306306
0 0.422 0.46846846846846846 0.036 0.06606606606606606
0 0.836 0.6351351351351351 0.056 0.08108108108108109
0 0.877 0.6366366366366366 0.042 0.07207207207207207
0 0.938 0.7117117117117117 0.072 0.1021021021021021
0 0.975 0.6126126126126126 0.046 0.07807807807807808
