0 0.08571428571428572 0.14075067024128687 0.10476190476190476 0.2225201072386059
0 0.18015873015873016 0.2158176943699732 0.07777777777777778 0.15281501340482573
0 0.2992063492063492 0.25335120643431636 0.05873015873015873 0.1260053619302949
0 0.3952380952380952 0.26005361930294907 0.05714285714285714 0.1126005361930295
0 0.4857142857142857 0.30563002680965146 0.05714285714285714 0.10187667560321716
0 0.557936507936508 0.29892761394101874 0.046031746031746035 0.0938337801608579
0 0.6238095238095238 0.31501340482573725 0.044444444444444446 0.08847184986595175
0 0.6833333333333333 0.31501340482573725 0.04285714285714286 0.08847184986595175
0 0.726984126984127 0.3297587131367292 0.04126984126984127 0.08042895442359249
0 0.7873015873015873 0.30831099195710454 0.04126984126984127 0.08042895442359249
