0 0.12448132780082988 0.4143302180685358 0.12863070539419086 0.19937694704049844
0 0.061203319502074686 0.32242990654205606 0.04771784232365145 0.06542056074766354
0 0.24688796680497926 0.3582554517133956 0.0954356846473029 0.1308411214953271
0 0.29771784232365145 0.32242990654205606 0.043568464730290454 0.08411214953271028
0 0.40352697095435686 0.2866043613707165 0.05186721991701245 0.07476635514018691
0 0.483402489626556 0.3161993769470405 0.07053941908713693 0.13395638629283488
0 0.5373443983402489 0.31931464174454827 0.04979253112033195 0.09034267912772585
0 0.7520746887966805 0.35202492211838005 0.13900414937759337 0.24922118380062305
0 0.8537344398340249 0.2881619937694704 0.10580912863070539 0.19626168224299065
0 0.9284232365145229 0.29750778816199375 0.08091286307053942 0.1526479750778816
