0 0.14375 0.7717592592592593 0.096875 0.17314814814814813
0 0.0265625 0.6171296296296296 0.052083333333333336 0.14907407407407408
0 0.03854166666666667 0.4393518518518518 0.036458333333333336 0.0712962962962963
0 0.13463541666666667 0.5032407407407408 0.0390625 0.07685185185185185
0 0.17083333333333334 0.40324074074074073 0.025 0.05462962962962963
0 0.15104166666666666 0.4199074074074074 0.021875 0.03611111111111111
0 0.20026041666666666 0.4134259259259259 0.03177083333333333 0.07314814814814814
0 0.26510416666666664 0.4203703703703704 0.034375 0.05
0 0.25052083333333336 0.538425925925926 0.03958333333333333 0.0712962962962963
0 0.27630208333333334 0.5078703703703704 0.030729166666666665 0.05277777777777778
0 0.30234375 0.6222222222222222 0.04739583333333333 0.07592592592592592
0 0.46380208333333334 0.6592592592592592 0.0546875 0.08703703703703704
0 0.484375 0.587037037037037 0.04375 0.05925925925925926
0 0.36875 0.5120370370370371 0.041666666666666664 0.06111111111111111
0 0.34791666666666665 0.4962962962962963 0.034375 0.06111111111111111
0 0.3859375 0.39166666666666666 0.03125 0.05185185185185185
0 0.40911458333333334 0.3888888888888889 0.0265625 0.04259259259259259
0 0.43723958333333335 0.37777777777777777 0.019270833333333334 0.04259259259259259
0 0.4591145833333333 0.38981481481481484 0.028645833333333332 0.05555555555555555
0 0.47942708333333334 0.4148148148148148 0.028645833333333332 0.046296296296296294
0 0.49192708333333335 0.3824074074074074 0.019270833333333334 0.04259259259259259
0 0.5317708333333333 0.37453703703703706 0.021875 0.04351851851851852
0 0.359375 0.31203703703703706 0.01875 0.04259259259259259
0 0.33984375 0.30833333333333335 0.0234375 0.03518518518518519
0 0.56875 0.475 0.03854166666666667 0.07407407407407407
0 0.5791666666666667 0.4398148148148148 0.025 0.04259259259259259
0 0.5799479166666667 0.4009259259259259 0.021354166666666667 0.040740740740740744
0 0.5822916666666667 0.3800925925925926 0.017708333333333333 0.03796296296296296
0 0.5643229166666667 0.40370370370370373 0.0171875 0.037037037037037035
0 0.6114583333333333 0.3972222222222222 0.020833333333333332 0.04259259259259259
0 0.6315104166666666 0.43425925925925923 0.030729166666666665 0.05555555555555555
0 0.6557291666666667 0.39305555555555555 0.027083333333333334 0.041666666666666664
0 0.5919270833333333 0.6486111111111111 0.0578125 0.09722222222222222
0 0.8010416666666667 0.725462962962963 0.08229166666666667 0.14166666666666666
0 0.8286458333333333 0.600925925925926 0.053125 0.1
0 0.9046875 0.5930555555555556 0.04479166666666667 0.07314814814814814
0 0.9161458333333333 0.5361111111111111 0.03125 0.07222222222222222
0 0.9427083333333334 0.46296296296296297 0.03854166666666667 0.06296296296296296
0 0.8427083333333333 0.5453703703703704 0.03854166666666667 0.05555555555555555
0 0.7942708333333334 0.49583333333333335 0.0375 0.05277777777777778
0 0.82734375 0.4449074074074074 0.033854166666666664 0.06574074074074074
0 0.76953125 0.3236111111111111 0.03177083333333333 0.06388888888888888
0 0.7403645833333333 0.4759259259259259 0.043229166666666666 0.09074074074074075
0 0.7145833333333333 0.41805555555555557 0.025 0.04722222222222222
0 0.6932291666666667 0.4361111111111111 0.020833333333333332 0.05
0 0.6453125 0.49212962962962964 0.035416666666666666 0.07685185185185185
