0 0.202 0.7439759036144579 0.224 0.3855421686746988
0 0.044 0.608433734939759 0.084 0.1686746987951807
0 0.113 0.5376506024096386 0.05 0.09337349397590361
0 0.15 0.5542168674698795 0.068 0.0963855421686747
0 0.201 0.5075301204819277 0.054 0.07530120481927711
0 0.294 0.5572289156626506 0.092 0.14457831325301204
0 0.339 0.5918674698795181 0.066 0.11144578313253012
0 0.431 0.5662650602409639 0.058 0.08433734939759036
0 0.551 0.34036144578313254 0.034 0.06626506024096386
0 0.528 0.5813253012048193 0.056 0.10843373493975904
0 0.61 0.5737951807228916 0.052 0.09337349397590361
0 0.66 0.5045180722891566 0.052 0.08132530120481928
0 0.717 0.6204819277108434 0.162 0.2289156626506024
0 0.8 0.49698795180722893 0.044 0.0783132530120482
0 0.902 0.5180722891566265 0.056 0.0963855421686747
0 0.946 0.5828313253012049 0.096 0.16566265060240964
