0 0.064 0.44144144144144143 0.036 0.06006006006006006
0 0.099 0.42492492492492495 0.042 0.06906906906906907
0 0.126 0.3963963963963964 0.052 0.08408408408408409
0 0.162 0.4369369369369369 0.052 0.08108108108108109
0 0.204 0.43843843843843844 0.06 0.1021021021021021
0 0.17 0.34984984984984985 0.04 0.06306306306306306
0 0.133 0.2927927927927928 0.042 0.057057057057057055
0 0.091 0.2552552552552553 0.038 0.05405405405405406
0 0.081 0.2042042042042042 0.03 0.04804804804804805
0 0.068 0.15915915915915915 0.032 0.04804804804804805
0 0.125 0.10510510510510511 0.034 0.05405405405405406
0 0.166 0.16216216216216217 0.028 0.04804804804804805
0 0.188 0.20270270270270271 0.028 0.057057057057057055
0 0.209 0.25825825825825827 0.034 0.06006006006006006
0 0.24 0.2747747747747748 0.032 0.06306306306306306
0 0.253 0.35585585585585583 0.034 0.06906906906906907
0 0.302 0.2882882882882883 0.032 0.04804804804804805
0 0.295 0.2072072072072072 0.038 0.06006006006006006
0 0.234 0.16966966966966968 0.032 0.05105105105105105
0 0.206 0.024024024024024024 0.028 0.042042042042042045
0 0.315 0.16216216216216217 0.034 0.04804804804804805
0 0.354 0.22822822822822822 0.092 0.16216216216216217
0 0.391 0.15915915915915915 0.038 0.07207207207207207
0 0.44 0.13363363363363365 0.032 0.057057057057057055
0 0.469 0.22972972972972974 0.034 0.057057057057057055
0 0.435 0.30930930930930933 0.034 0.06606606606606606
0 0.465 0.35285285285285284 0.042 0.08108108108108109
0 0.515 0.4024024024024024 0.05 0.0960960960960961
0 0.547 0.42342342342342343 0.046 0.09009009009009009
0 0.744 0.7372372372372372 0.084 0.15315315315315314
0 0.792 0.6396396396396397 0.12 0.21621621621621623
0 0.908 0.6921921921921922 0.148 0.2132132132132132
0 0.624 0.5195195195195195 0.064 0.10810810810810811
0 0.609 0.4594594594594595 0.054 0.09009009009009009
0 0.587 0.4264264264264264 0.054 0.09009009009009009
0 0.571 0.35585585585585583 0.038 0.06906906906906907
0 0.524 0.30180180180180183 0.036 0.057057057057057055
0 0.477 0.2012012012012012 0.026 0.042042042042042045
0 0.472 0.18018018018018017 0.032 0.042042042042042045
0 0.477 0.028528528528528527 0.03 0.04504504504504504
0 0.524 0.04954954954954955 0.032 0.04504504504504504
0 0.559 0.04054054054054054 0.03 0.05105105105105105
0 0.548 0.11261261261261261 0.024 0.04504504504504504
0 0.552 0.15465465465465467 0.028 0.05105105105105105
0 0.555 0.2072072072072072 0.03 0.05405405405405406
0 0.571 0.25375375375375375 0.038 0.06906906906906907
0 0.612 0.3048048048048048 0.032 0.06306306306306306
0 0.639 0.38288288288288286 0.046 0.07507507507507508
0 0.619 0.36186186186186187 0.038 0.06306306306306306
0 0.682 0.37237237237237236 0.04 0.07207207207207207
0 0.726 0.40540540540540543 0.052 0.08408408408408409
0 0.707 0.4294294294294294 0.038 0.06006006006006006
0 0.706 0.30930930930930933 0.036 0.05405405405405406
0 0.666 0.24474474474474475 0.032 0.057057057057057055
0 0.649 0.20270270270270271 0.026 0.04504504504504504
0 0.642 0.15915915915915915 0.032 0.05405405405405406
0 0.605 0.15015015015015015 0.03 0.05405405405405406
0 0.661 0.05105105105105105 0.026 0.042042042042042045
0 0.681 0.13963963963963963 0.026 0.05105105105105105
0 0.728 0.15915915915915915 0.036 0.06006006006006006
0 0.742 0.12462462462462462 0.036 0.05105105105105105
0 0.75 0.028528528528528527 0.024 0.03903903903903904
0 0.752 0.1996996996996997 0.032 0.057057057057057055
0 0.744 0.26126126126126126 0.036 0.06606606606606606
0 0.765 0.35135135135135137 0.038 0.06606606606606606
0 0.794 0.31681681681681684 0.036 0.07507507507507508
0 0.785 0.4189189189189189 0.05 0.0990990990990991
0 0.816 0.44144144144144143 0.044 0.08408408408408409
0 0.801 0.521021021021021 0.078 0.10510510510510511
0 0.868 0.48348348348348347 0.068 0.14414414414414414
0 0.923 0.512012012012012 0.086 0.14114114114114115
0 0.932 0.39039039039039036 0.052 0.07207207207207207
0 0.963 0.35135135135135137 0.046 0.07807807807807808
0 0.914 0.30180180180180183 0.032 0.06906906906906907
0 0.922 0.24774774774774774 0.036 0.06906906906906907
0 0.908 0.17717717717717718 0.044 0.07207207207207207
0 0.956 0.21171171171171171 0.032 0.057057057057057055
0 0.981 0.1831831831831832 0.026 0.04804804804804805
0 0.961 0.13063063063063063 0.026 0.05105105105105105
0 0.949 0.04804804804804805 0.022 0.04804804804804805
0 0.875 0.3408408408408408 0.046 0.06906906906906907
0 0.862 0.4039039039039039 0.056 0.06906906906906907
0 0.851 0.3633633633633634 0.038 0.05405405405405406
0 0.821 0.26876876876876876 0.038 0.06906906906906907
0 0.834 0.1996996996996997 0.036 0.06306306306306306
0 0.826 0.16066066066066065 0.036 0.057057057057057055
