0 0.125390625 0.6161458333333333 0.06328125 0.09895833333333333
0 0.203515625 0.5885416666666666 0.05234375 0.075
0 0.278515625 0.546875 0.04140625 0.05625
0 0.336328125 0.5302083333333333 0.02890625 0.03958333333333333
0 0.341796875 0.5192708333333333 0.02421875 0.028125
0 0.369140625 0.5036458333333333 0.02421875 0.034375
0 0.3890625 0.509375 0.0234375 0.0375
0 0.4015625 0.49895833333333334 0.0234375 0.025
0 0.387890625 0.5703125 0.04765625 0.07604166666666666
0 0.331640625 0.6317708333333333 0.06328125 0.09895833333333333
0 0.50234375 0.7265625 0.0890625 0.12395833333333334
0 0.48515625 0.6609375 0.05625 0.06979166666666667
0 0.5078125 0.5807291666666666 0.0359375 0.046875
0 0.503125 0.5463541666666667 0.025 0.03229166666666667
0 0.493359375 0.5291666666666667 0.02890625 0.029166666666666667
0 0.505859375 0.5072916666666667 0.01953125 0.03125
0 0.467578125 0.5208333333333334 0.02109375 0.029166666666666667
0 0.459765625 0.5010416666666667 0.02421875 0.03125
0 0.56015625 0.5177083333333333 0.021875 0.029166666666666667
0 0.599609375 0.47604166666666664 0.01640625 0.03125
0 0.6015625 0.5520833333333334 0.0265625 0.041666666666666664
0 0.6109375 0.5947916666666667 0.0328125 0.04375
0 0.647265625 0.6088541666666667 0.04609375 0.065625
0 0.625390625 0.5385416666666667 0.02265625 0.029166666666666667
0 0.64375 0.5125 0.0140625 0.020833333333333332
0 0.68984375 0.525 0.0203125 0.03125
0 0.710546875 0.5395833333333333 0.02578125 0.03125
0 0.706640625 0.5671875 0.03515625 0.046875
0 0.71953125 0.60625 0.04375 0.0625
0 0.740625 0.553125 0.0234375 0.03958333333333333
0 0.78125 0.7802083333333333 0.0828125 0.12916666666666668
0 0.866796875 0.6911458333333333 0.07578125 0.10104166666666667
0 0.804296875 0.6026041666666667 0.04296875 0.057291666666666664
0 0.76875 0.5463541666666667 0.025 0.034375
0 0.7515625 0.5255208333333333 0.0171875 0.021875
0 0.78203125 0.5244791666666667 0.01875 0.028125
0 0.799609375 0.5270833333333333 0.01640625 0.029166666666666667
0 0.83671875 0.5421875 0.0265625 0.03854166666666667
0 0.84765625 0.5260416666666666 0.0171875 0.022916666666666665
0 0.864453125 0.5880208333333333 0.03203125 0.04895833333333333
0 0.8609375 0.546875 0.0203125 0.035416666666666666
0 0.885546875 0.5442708333333334 0.02265625 0.03229166666666667
0 0.91796875 0.5463541666666667 0.028125 0.036458333333333336
0 0.933984375 0.5770833333333333 0.03359375 0.05
0 0.973828125 0.5703125 0.03046875 0.042708333333333334
