0 0.09370199692780339 0.6476190476190476 0.09831029185867896 0.15714285714285714
0 0.1390168970814132 0.5166666666666667 0.03533026113671275 0.05714285714285714
0 0.16820276497695852 0.5035714285714286 0.029185867895545316 0.05
0 0.2196620583717358 0.5333333333333333 0.043010752688172046 0.07142857142857142
0 0.22580645161290322 0.5797619047619048 0.039938556067588324 0.06428571428571428
0 0.3387096774193548 0.580952380952381 0.053763440860215055 0.09047619047619047
0 0.3402457757296467 0.5190476190476191 0.029185867895545316 0.05714285714285714
0 0.402457757296467 0.5357142857142857 0.03379416282642089 0.05714285714285714
0 0.4477726574500768 0.55 0.03533026113671275 0.06190476190476191
0 0.5698924731182796 0.38452380952380955 0.02457757296466974 0.030952380952380953
0 0.6981566820276498 0.4607142857142857 0.02304147465437788 0.03571428571428571
0 0.7135176651305684 0.4238095238095238 0.026113671274961597 0.0380952380952381
0 0.7319508448540707 0.47023809523809523 0.026113671274961597 0.04047619047619048
0 0.7780337941628265 0.4845238095238095 0.02304147465437788 0.04523809523809524
0 0.7980030721966206 0.4452380952380952 0.026113671274961597 0.047619047619047616
0 0.8064516129032258 0.3964285714285714 0.027649769585253458 0.03571428571428571
0 0.8548387096774194 0.38571428571428573 0.019969278033794162 0.03333333333333333
0 0.8302611367127496 0.6095238095238096 0.041474654377880185 0.06190476190476191
0 0.9324116743471582 0.5904761904761905 0.05837173579109063 0.09047619047619047
0 0.9838709677419355 0.555952380952381 0.029185867895545316 0.05476190476190476
0 0.9208909370199693 0.4595238095238095 0.029185867895545316 0.05238095238095238
0 0.8855606758832565 0.4452380952380952 0.026113671274961597 0.04285714285714286
0 0.901689708141321 0.3964285714285714 0.02457757296466974 0.04047619047619048
0 0.9577572964669739 0.39285714285714285 0.02304147465437788 0.047619047619047616
