0 0.022 0.43202416918429004 0.036 0.07250755287009064
0 0.071 0.5287009063444109 0.042 0.06646525679758308
0 0.082 0.4788519637462236 0.036 0.0634441087613293
0 0.135 0.4637462235649547 0.038 0.0634441087613293
0 0.181 0.4652567975830816 0.034 0.06042296072507553
0 0.178 0.5302114803625377 0.032 0.045317220543806644
0 0.195 0.5619335347432024 0.042 0.06042296072507553
0 0.232 0.48942598187311176 0.036 0.06042296072507553
0 0.303 0.4773413897280967 0.034 0.07250755287009064
0 0.347 0.4652567975830816 0.034 0.06042296072507553
0 0.392 0.4984894259818731 0.036 0.06646525679758308
0 0.448 0.4773413897280967 0.036 0.06646525679758308
0 0.478 0.4607250755287009 0.036 0.0634441087613293
0 0.512 0.5015105740181269 0.036 0.06646525679758308
0 0.548 0.48489425981873113 0.036 0.05740181268882175
0 0.57 0.5377643504531722 0.036 0.06646525679758308
0 0.615 0.540785498489426 0.034 0.054380664652567974
0 0.602 0.48942598187311176 0.032 0.054380664652567974
0 0.66 0.5105740181268882 0.028 0.04833836858006042
0 0.672 0.4622356495468278 0.032 0.06646525679758308
0 0.683 0.552870090634441 0.038 0.06042296072507553
0 0.697 0.527190332326284 0.034 0.05740181268882175
0 0.724 0.49697885196374625 0.032 0.0634441087613293
0 0.751 0.527190332326284 0.03 0.05740181268882175
0 0.795 0.5317220543806647 0.038 0.06042296072507553
0 0.799 0.486404833836858 0.034 0.054380664652567974
0 0.868 0.5196374622356495 0.036 0.07250755287009064
