0 0.032490974729241874 0.5377358490566038 0.036101083032490974 0.06199460916442048
0 0.09025270758122744 0.5431266846361186 0.036101083032490974 0.05121293800539083
0 0.13447653429602888 0.5566037735849056 0.03429602888086643 0.06199460916442048
0 0.18050541516245489 0.5539083557951483 0.032490974729241874 0.05660377358490566
0 0.22021660649819494 0.5606469002695418 0.032490974729241874 0.05929919137466307
0 0.2608303249097473 0.5579514824797843 0.030685920577617327 0.04851752021563342
0 0.2879061371841155 0.5202156334231806 0.02707581227436823 0.05390835579514825
0 0.30866425992779783 0.5377358490566038 0.032490974729241874 0.05660377358490566
0 0.34205776173285196 0.5350404312668463 0.030685920577617327 0.06199460916442048
0 0.3664259927797834 0.5579514824797843 0.032490974729241874 0.05390835579514825
0 0.40342960288808666 0.5390835579514824 0.030685920577617327 0.05929919137466307
0 0.4250902527075812 0.5377358490566038 0.030685920577617327 0.05660377358490566
0 0.463898916967509 0.5188679245283019 0.032490974729241874 0.05660377358490566
0 0.47743682310469315 0.5754716981132075 0.04151624548736462 0.0673854447439353
0 0.4981949458483754 0.5417789757412399 0.02527075812274368 0.05390835579514825
0 0.5225631768953068 0.5741239892183289 0.03790613718411552 0.0646900269541779
0 0.5270758122743683 0.5134770889487871 0.02888086642599278 0.05121293800539083
0 0.5667870036101083 0.5336927223719676 0.02888086642599278 0.05390835579514825
0 0.5794223826714802 0.5633423180592992 0.032490974729241874 0.05390835579514825
0 0.605595667870036 0.5242587601078167 0.030685920577617327 0.05660377358490566
0 0.6335740072202166 0.5363881401617251 0.036101083032490974 0.0646900269541779
0 0.6696750902527075 0.5444743935309974 0.032490974729241874 0.07008086253369272
0 0.6841155234657039 0.5579514824797843 0.036101083032490974 0.0646900269541779
0 0.7292418772563177 0.5579514824797843 0.036101083032490974 0.05390835579514825
0 0.7617328519855595 0.5431266846361186 0.02888086642599278 0.06199460916442048
0 0.7951263537906137 0.5498652291105122 0.030685920577617327 0.0646900269541779
0 0.8429602888086642 0.545822102425876 0.036101083032490974 0.0673854447439353
0 0.8998194945848376 0.5633423180592992 0.03790613718411552 0.0646900269541779
0 0.9503610108303249 0.5404312668463612 0.04151624548736462 0.0673854447439353
