0 0.04083333333333333 0.4 0.04833333333333333 0.09333333333333334
0 0.115 0.5933333333333334 0.08 0.10666666666666667
0 0.185 0.4166666666666667 0.03 0.04666666666666667
0 0.2375 0.41444444444444445 0.045 0.06444444444444444
0 0.235 0.36666666666666664 0.03666666666666667 0.04888888888888889
0 0.27416666666666667 0.43 0.03166666666666667 0.05555555555555555
0 0.34 0.44666666666666666 0.03666666666666667 0.057777777777777775
0 0.2575 0.5122222222222222 0.058333333333333334 0.08666666666666667
0 0.345 0.5955555555555555 0.10666666666666667 0.16
0 0.3908333333333333 0.5388888888888889 0.065 0.09111111111111111
0 0.37 0.38 0.02666666666666667 0.044444444444444446
0 0.3925 0.43444444444444447 0.025 0.04666666666666667
0 0.4583333333333333 0.4577777777777778 0.03333333333333333 0.057777777777777775
0 0.5 0.43555555555555553 0.04 0.07111111111111111
0 0.6083333333333333 0.49 0.04 0.06888888888888889
0 0.6616666666666666 0.39555555555555555 0.04 0.06222222222222222
0 0.6958333333333333 0.4666666666666667 0.03166666666666667 0.04888888888888889
0 0.6266666666666667 0.6455555555555555 0.09 0.15777777777777777
0 0.7283333333333334 0.5822222222222222 0.06666666666666667 0.10222222222222223
0 0.7433333333333333 0.4777777777777778 0.05 0.06222222222222222
0 0.8141666666666667 0.4677777777777778 0.045 0.05555555555555555
0 0.8533333333333334 0.45 0.03666666666666667 0.06444444444444444
0 0.9175 0.4722222222222222 0.03166666666666667 0.051111111111111114
0 0.9791666666666666 0.5022222222222222 0.03833333333333333 0.08
