0 0.05390625 0.6643192488262911 0.0453125 0.06572769953051644
0 0.07265625 0.573943661971831 0.0296875 0.04929577464788732
0 0.09140625 0.6173708920187794 0.0328125 0.051643192488262914
0 0.10078125 0.6631455399061033 0.0515625 0.07746478873239436
0 0.171875 0.6115023474178404 0.04375 0.07276995305164319
0 0.134375 0.7687793427230047 0.0625 0.09154929577464789
0 0.19375 0.8403755868544601 0.1 0.14084507042253522
0 0.2859375 0.7241784037558685 0.0625 0.08685446009389672
0 0.3875 0.8192488262910798 0.10625 0.1267605633802817
0 0.2765625 0.562206572769953 0.015625 0.03051643192488263
0 0.21640625 0.4460093896713615 0.0234375 0.028169014084507043
0 0.32421875 0.5751173708920188 0.0265625 0.03755868544600939
0 0.3234375 0.5293427230046949 0.021875 0.035211267605633804
0 0.303125 0.528169014084507 0.015625 0.028169014084507043
0 0.36328125 0.5669014084507042 0.0265625 0.03990610328638498
0 0.36484375 0.534037558685446 0.0140625 0.025821596244131457
0 0.3546875 0.5305164319248826 0.01875 0.03755868544600939
0 0.290625 0.5492957746478874 0.015625 0.023474178403755867
0 0.40703125 0.5880281690140845 0.0265625 0.03990610328638498
0 0.4109375 0.545774647887324 0.021875 0.035211267605633804
0 0.41328125 0.5117370892018779 0.0203125 0.028169014084507043
0 0.43515625 0.5410798122065728 0.0265625 0.03990610328638498
0 0.45625 0.5234741784037559 0.015625 0.028169014084507043
0 0.46953125 0.562206572769953 0.0265625 0.04460093896713615
0 0.47109375 0.534037558685446 0.0140625 0.03051643192488263
0 0.48984375 0.5539906103286385 0.0203125 0.03755868544600939
0 0.49921875 0.534037558685446 0.0234375 0.025821596244131457
0 0.4828125 0.5129107981220657 0.015625 0.02112676056338028
0 0.5203125 0.5269953051643192 0.021875 0.035211267605633804
0 0.53828125 0.5586854460093896 0.0234375 0.04225352112676056
0 0.5109375 0.5927230046948356 0.03125 0.03990610328638498
0 0.51875 0.6338028169014085 0.040625 0.056338028169014086
0 0.5546875 0.5938967136150235 0.034375 0.056338028169014086
0 0.578125 0.5657276995305164 0.021875 0.03755868544600939
0 0.578125 0.5446009389671361 0.01875 0.028169014084507043
0 0.5640625 0.5328638497652582 0.015625 0.028169014084507043
0 0.55625 0.5223004694835681 0.0125 0.02112676056338028
0 0.60703125 0.5938967136150235 0.0328125 0.046948356807511735
0 0.61328125 0.5352112676056338 0.0265625 0.03755868544600939
0 0.6140625 0.49178403755868544 0.01875 0.03051643192488263
0 0.63046875 0.5 0.0171875 0.023474178403755867
0 0.6421875 0.4953051643192488 0.01875 0.028169014084507043
0 0.6421875 0.5469483568075117 0.025 0.046948356807511735
0 0.66640625 0.5422535211267606 0.0234375 0.03286384976525822
0 0.671875 0.5164319248826291 0.015625 0.03755868544600939
0 0.6828125 0.5011737089201878 0.015625 0.025821596244131457
0 0.690625 0.5305164319248826 0.01875 0.03286384976525822
0 0.721875 0.545774647887324 0.03125 0.0539906103286385
0 0.73515625 0.5234741784037559 0.0203125 0.04225352112676056
0 0.70625 0.505868544600939 0.01875 0.03051643192488263
0 0.72109375 0.5035211267605634 0.0234375 0.03990610328638498
0 0.73671875 0.5011737089201878 0.0203125 0.035211267605633804
0 0.77734375 0.5093896713615024 0.0171875 0.023474178403755867
0 0.72109375 0.6173708920187794 0.0390625 0.06103286384976526
0 0.6875 0.6302816901408451 0.0375 0.06338028169014084
0 0.815625 0.6173708920187794 0.053125 0.09389671361502347
0 0.7859375 0.5845070422535211 0.0375 0.06572769953051644
0 0.8890625 0.6244131455399061 0.053125 0.0892018779342723
0 0.9140625 0.6044600938967136 0.04375 0.06807511737089202
0 0.9328125 0.57981220657277 0.040625 0.06572769953051644
0 0.86328125 0.5669014084507042 0.0390625 0.05868544600938967
0 0.809375 0.5563380281690141 0.028125 0.03755868544600939
0 0.83515625 0.5352112676056338 0.0234375 0.04225352112676056
0 0.828125 0.5070422535211268 0.025 0.04225352112676056
0 0.871875 0.4988262910798122 0.021875 0.035211267605633804
0 0.89375 0.534037558685446 0.025 0.04460093896713615
0 0.91015625 0.5093896713615024 0.0234375 0.03286384976525822
0 0.91171875 0.4894366197183099 0.0265625 0.03051643192488263
