0 0.271304347826087 0.4309744779582367 0.10434782608695652 0.17749419953596288
0 0.41956521739130437 0.42691415313225056 0.08956521739130435 0.1368909512761021
0 0.54 0.35498839907192575 0.04869565217391304 0.07888631090487239
0 0.6452173913043479 0.5290023201856149 0.1391304347826087 0.21345707656612528
0 0.7139130434782609 0.4071925754060325 0.08521739130434783 0.1554524361948956
0 0.7330434782608696 0.33468677494199534 0.04695652173913043 0.07540603248259861
0 0.7678260869565218 0.36832946635730857 0.05217391304347826 0.09164733178654293
0 0.8156521739130435 0.339907192575406 0.04869565217391304 0.08352668213457076
0 0.8491304347826087 0.3056844547563805 0.0391304347826087 0.0568445475638051
0 0.8308695652173913 0.28364269141531323 0.028695652173913042 0.042923433874709975
0 0.8978260869565218 0.29350348027842227 0.021739130434782608 0.04640371229698376
0 0.922608695652174 0.32018561484918795 0.04 0.060324825986078884
0 0.94 0.2865429234338747 0.03130434782608696 0.048723897911832945
0 0.9847826086956522 0.29408352668213456 0.028695652173913042 0.054524361948955914
