0 0.075 0.6677215189873418 0.134 0.31645569620253167
0 0.274 0.6012658227848101 0.1 0.1550632911392405
0 0.0895 0.571993670886076 0.083 0.13765822784810128
0 0.1045 0.2666139240506329 0.031 0.04272151898734177
0 0.1035 0.37658227848101267 0.033 0.05063291139240506
0 0.2015 0.29430379746835444 0.031 0.056962025316455694
0 0.2935 0.3299050632911392 0.031 0.0490506329113924
0 0.3255 0.2950949367088608 0.021 0.03955696202531646
0 0.3635 0.44145569620253167 0.051 0.08860759493670886
0 0.409 0.3235759493670886 0.03 0.04272151898734177
0 0.502 0.47072784810126583 0.048 0.08069620253164557
0 0.6795 0.27531645569620256 0.019 0.04113924050632911
