0 0.07416666666666667 0.5233333333333333 0.045 0.05555555555555555
0 0.15916666666666668 0.48777777777777775 0.03833333333333333 0.04666666666666667
0 0.2808333333333333 0.4811111111111111 0.03833333333333333 0.051111111111111114
0 0.2966666666666667 0.5155555555555555 0.04 0.06222222222222222
0 0.3925 0.4688888888888889 0.025 0.04888888888888889
0 0.41333333333333333 0.4911111111111111 0.03666666666666667 0.04888888888888889
0 0.43583333333333335 0.5422222222222223 0.04833333333333333 0.07555555555555556
0 0.45166666666666666 0.5111111111111111 0.04 0.06222222222222222
0 0.4866666666666667 0.47555555555555556 0.02666666666666667 0.044444444444444446
0 0.4925 0.45222222222222225 0.025 0.03333333333333333
0 0.5408333333333334 0.47888888888888886 0.03833333333333333 0.04666666666666667
0 0.5683333333333334 0.5011111111111111 0.04 0.05555555555555555
0 0.5491666666666667 0.43777777777777777 0.025 0.04
0 0.5808333333333333 0.43333333333333335 0.018333333333333333 0.02666666666666667
0 0.6141666666666666 0.45444444444444443 0.028333333333333332 0.051111111111111114
0 0.6375 0.47555555555555556 0.025 0.04
0 0.6391666666666667 0.4311111111111111 0.021666666666666667 0.035555555555555556
0 0.6608333333333334 0.43333333333333335 0.018333333333333333 0.02666666666666667
0 0.6816666666666666 0.4477777777777778 0.02666666666666667 0.042222222222222223
0 0.7091666666666666 0.45222222222222225 0.021666666666666667 0.03777777777777778
0 0.7383333333333333 0.43555555555555553 0.023333333333333334 0.035555555555555556
0 0.7616666666666667 0.4222222222222222 0.02 0.02666666666666667
0 0.8266666666666667 0.49444444444444446 0.056666666666666664 0.06888888888888889
0 0.8516666666666667 0.47 0.04 0.05555555555555555
0 0.8825 0.4388888888888889 0.025 0.04666666666666667
0 0.9016666666666666 0.4166666666666667 0.02666666666666667 0.04666666666666667
0 0.9633333333333334 0.5011111111111111 0.05 0.07333333333333333
0 0.95 0.4488888888888889 0.03333333333333333 0.05333333333333334
0 0.9433333333333334 0.41444444444444445 0.023333333333333334 0.03333333333333333
