0 0.02666666666666667 0.49 0.04888888888888889 0.09
0 0.058888888888888886 0.45666666666666667 0.042222222222222223 0.07333333333333333
0 0.13055555555555556 0.4816666666666667 0.058888888888888886 0.10333333333333333
0 0.17888888888888888 0.4525 0.051111111111111114 0.09833333333333333
0 0.20833333333333334 0.44416666666666665 0.03888888888888889 0.07166666666666667
0 0.11555555555555555 0.7291666666666666 0.15777777777777777 0.225
0 0.28055555555555556 0.5441666666666667 0.08555555555555555 0.125
0 0.26055555555555554 0.49083333333333334 0.06555555555555556 0.08833333333333333
0 0.29555555555555557 0.4841666666666667 0.04888888888888889 0.08166666666666667
0 0.3277777777777778 0.44083333333333335 0.044444444444444446 0.075
0 0.43722222222222223 0.4425 0.034444444444444444 0.058333333333333334
0 0.45444444444444443 0.465 0.044444444444444446 0.056666666666666664
0 0.4572222222222222 0.5041666666666667 0.058888888888888886 0.08833333333333333
0 0.5205555555555555 0.5158333333333334 0.07888888888888888 0.12166666666666667
0 0.5822222222222222 0.6316666666666667 0.12222222222222222 0.17
0 0.7394444444444445 0.855 0.23444444444444446 0.2866666666666667
0 0.7211111111111111 0.43833333333333335 0.04 0.06
0 0.7727777777777778 0.2966666666666667 0.034444444444444444 0.056666666666666664
0 0.7738888888888888 0.4216666666666667 0.04555555555555556 0.06666666666666667
0 0.8311111111111111 0.42083333333333334 0.044444444444444446 0.07166666666666667
0 0.8777777777777778 0.4825 0.06 0.08166666666666667
0 0.9094444444444445 0.4475 0.043333333333333335 0.06833333333333333
0 0.9516666666666667 0.415 0.043333333333333335 0.06
