0 0.080078125 0.5345838218053928 0.06171875 0.10316529894490035
0 0.123046875 0.20457209847596716 0.05703125 0.09261430246189918
0 0.433984375 0.26318874560375144 0.05078125 0.09495896834701055
0 0.471875 0.515240328253224 0.0640625 0.11840562719812427
0 0.40546875 0.8200468933177022 0.10625 0.16060961313012895
0 0.183984375 0.8487690504103166 0.12578125 0.1969519343493552
0 0.0328125 0.6617819460726846 0.0640625 0.11371629542790153
0 0.69375 0.1447831184056272 0.065625 0.12778429073856976
0 0.56953125 0.7919109026963658 0.1015625 0.14654161781946073
0 0.861328125 0.15650644783118406 0.05546875 0.09261430246189918
0 0.9234375 0.4847596717467761 0.0859375 0.141852286049238
0 0.95859375 0.6910902696365768 0.08125 0.20281359906213364
0 0.8953125 0.8581477139507621 0.1453125 0.20867526377491208
