0 0.039 0.5307486631016043 0.042 0.06684491978609626
0 0.018 0.5 0.032 0.0481283422459893
0 0.018 0.4732620320855615 0.028 0.0374331550802139
0 0.081 0.4852941176470588 0.026 0.045454545454545456
0 0.127 0.4799465240641711 0.022 0.040106951871657755
0 0.133 0.536096256684492 0.038 0.05614973262032086
0 0.172 0.536096256684492 0.044 0.07219251336898395
0 0.172 0.4919786096256685 0.028 0.0427807486631016
0 0.22 0.4879679144385027 0.024 0.045454545454545456
0 0.246 0.49331550802139035 0.024 0.034759358288770054
0 0.246 0.5307486631016043 0.048 0.06149732620320856
0 0.31 0.49064171122994654 0.036 0.045454545454545456
0 0.367 0.4919786096256685 0.034 0.0481283422459893
0 0.402 0.4786096256684492 0.028 0.0427807486631016
0 0.401 0.5614973262032086 0.062 0.0962566844919786
0 0.491 0.4786096256684492 0.026 0.0427807486631016
0 0.515 0.5066844919786097 0.03 0.05080213903743316
0 0.524 0.4799465240641711 0.016 0.040106951871657755
0 0.553 0.5013368983957219 0.03 0.045454545454545456
0 0.593 0.47593582887700536 0.022 0.0481283422459893
0 0.834 0.3836898395721925 0.072 0.09358288770053476
