0 0.06019332161687171 0.5752461322081576 0.06239015817223199 0.11251758087201125
0 0.1375219683655536 0.6111111111111112 0.07469244288224956 0.10267229254571027
0 0.16915641476274165 0.5379746835443038 0.05536028119507909 0.08016877637130802
0 0.28339191564147626 0.5253164556962026 0.04130052724077329 0.07454289732770746
0 0.3260105448154657 0.570323488045007 0.043936731107205626 0.09423347398030943
0 0.28954305799648505 0.6118143459915611 0.04657293497363796 0.07313642756680731
0 0.38224956063268895 0.5365682137834037 0.033391915641476276 0.057665260196905765
0 0.4191564147627416 0.5098452883263009 0.03163444639718805 0.06610407876230662
0 0.44332161687170474 0.5527426160337553 0.037785588752196834 0.07032348804500703
0 0.4679261862917399 0.6687763713080169 0.08172231985940245 0.1420534458509142
0 0.47451669595782076 0.5098452883263009 0.03163444639718805 0.05485232067510549
0 0.5035149384885764 0.5372714486638537 0.026362038664323375 0.0450070323488045
0 0.5074692442882249 0.49226441631504925 0.021968365553602813 0.05907172995780591
0 0.5325131810193322 0.519690576652602 0.029876977152899824 0.057665260196905765
0 0.5514059753954306 0.4873417721518987 0.01845342706502636 0.05485232067510549
0 0.5689806678383128 0.49929676511954996 0.021968365553602813 0.05907172995780591
0 0.5975395430579965 0.5014064697609001 0.028119507908611598 0.057665260196905765
0 0.6208260105448155 0.5063291139240507 0.03602811950790861 0.05907172995780591
0 0.6142355008787346 0.5274261603375527 0.02460456942003515 0.03938115330520394
0 0.6019332161687171 0.5787623066104078 0.05799648506151142 0.0970464135021097
0 0.655536028119508 0.7074542897327707 0.09666080843585237 0.20815752461322082
0 0.6608084358523726 0.5668073136427567 0.043936731107205626 0.08157524613220815
0 0.6652021089630932 0.5119549929676512 0.02460456942003515 0.04219409282700422
0 0.6937609841827768 0.49859353023909986 0.027240773286467488 0.05485232067510549
0 0.7161687170474517 0.5021097046413502 0.028119507908611598 0.06188466947960619
0 0.7601054481546573 0.6047819971870605 0.06502636203866433 0.11533052039381153
0 0.7412126537785588 0.539381153305204 0.03427065026362039 0.06610407876230662
0 0.7447275922671354 0.45147679324894513 0.02899824253075571 0.05625879043600562
0 0.7697715289982425 0.5203938115330521 0.03690685413005272 0.06469760900140648
0 0.8093145869947276 0.5253164556962026 0.028119507908611598 0.05485232067510549
0 0.8282073813708261 0.4964838255977497 0.020210896309314587 0.04219409282700422
0 0.8387521968365553 0.5541490857946554 0.037785588752196834 0.07876230661040788
0 0.8629173989455184 0.5555555555555556 0.033391915641476276 0.06469760900140648
0 0.8769771528998243 0.49156118143459915 0.028119507908611598 0.052039381153305204
0 0.9178383128295254 0.5070323488045007 0.02899824253075571 0.06047819971870605
0 0.929261862917399 0.6378340365682138 0.06590509666080843 0.11392405063291139
0 0.9248681898066784 0.8045007032348804 0.12214411247803164 0.23628691983122363
0 0.9740773286467487 0.509142053445851 0.030755711775043937 0.05063291139240506
0 0.960456942003515 0.5611814345991561 0.0421792618629174 0.07032348804500703
