0 0.10871478873239436 0.3785211267605634 0.06954225352112677 0.11854460093896714
0 0.19058098591549297 0.4935446009389671 0.09419014084507042 0.13497652582159625
0 0.30721830985915494 0.5610328638497653 0.125 0.19248826291079812
0 0.3921654929577465 0.3744131455399061 0.05545774647887324 0.08685446009389672
0 0.34507042253521125 0.3550469483568075 0.04753521126760563 0.062206572769953054
0 0.2720070422535211 0.36326291079812206 0.058098591549295774 0.0880281690140845
0 0.23899647887323944 0.306924882629108 0.037852112676056336 0.05516431924882629
0 0.20862676056338028 0.29988262910798125 0.03169014084507042 0.04342723004694836
0 0.16461267605633803 0.3268779342723005 0.03873239436619718 0.06924882629107981
0 0.27860915492957744 0.2687793427230047 0.027288732394366196 0.03051643192488263
0 0.29973591549295775 0.27992957746478875 0.025528169014084508 0.036384976525821594
0 0.34330985915492956 0.30164319248826293 0.028169014084507043 0.051643192488262914
0 0.40757042253521125 0.30927230046948356 0.028169014084507043 0.04812206572769953
0 0.41725352112676056 0.2734741784037559 0.02112676056338028 0.035211267605633804
0 0.397887323943662 0.26291079812206575 0.01936619718309859 0.028169014084507043
0 0.3613556338028169 0.22007042253521128 0.013204225352112676 0.02464788732394366
0 0.3345070422535211 0.26173708920187794 0.022887323943661973 0.03286384976525822
0 0.3226232394366197 0.2687793427230047 0.016725352112676055 0.025821596244131457
0 0.44630281690140844 0.2828638497652582 0.01936619718309859 0.028169014084507043
0 0.46434859154929575 0.3163145539906103 0.03609154929577465 0.04812206572769953
0 0.5061619718309859 0.32922535211267606 0.035211267605633804 0.05046948356807512
0 0.5404929577464789 0.36795774647887325 0.0528169014084507 0.08098591549295775
0 0.6025528169014085 0.3403755868544601 0.037852112676056336 0.0539906103286385
0 0.5695422535211268 0.2353286384976526 0.02640845070422535 0.04107981220657277
0 0.5242077464788732 0.2746478873239437 0.022007042253521125 0.025821596244131457
0 0.5391725352112676 0.2681924882629108 0.018485915492957746 0.02699530516431925
0 0.4898767605633803 0.2869718309859155 0.020246478873239437 0.03169014084507042
0 0.4964788732394366 0.2652582159624413 0.01936619718309859 0.025821596244131457
0 0.4533450704225352 0.23708920187793428 0.01584507042253521 0.025821596244131457
0 0.6144366197183099 0.30927230046948356 0.02464788732394366 0.036384976525821594
0 0.6007922535211268 0.2746478873239437 0.016725352112676055 0.02112676056338028
0 0.6346830985915493 0.2975352112676056 0.017605633802816902 0.03169014084507042
0 0.6602112676056338 0.3057511737089202 0.02464788732394366 0.04342723004694836
0 0.6606514084507042 0.28169014084507044 0.016725352112676055 0.025821596244131457
0 0.6285211267605634 0.27875586854460094 0.01584507042253521 0.01995305164319249
0 0.7077464788732394 0.25 0.01584507042253521 0.02112676056338028
0 0.7504401408450704 0.24882629107981222 0.016725352112676055 0.028169014084507043
0 0.7345950704225352 0.306924882629108 0.027288732394366196 0.03403755868544601
0 0.746919014084507 0.3438967136150235 0.032570422535211266 0.04460093896713615
0 0.784330985915493 0.43485915492957744 0.05985915492957746 0.11150234741784038
0 0.7658450704225352 0.29225352112676056 0.02464788732394366 0.03051643192488263
0 0.8067781690140845 0.3004694835680751 0.027288732394366196 0.03990610328638498
0 0.8477112676056338 0.29284037558685444 0.01936619718309859 0.03403755868544601
0 0.922975352112676 0.31514084507042256 0.03433098591549296 0.04812206572769953
0 0.9766725352112676 0.3532863849765258 0.043133802816901406 0.06807511737089202
