0 0.05473098330241188 0.6857142857142857 0.04267161410018553 0.06349206349206349
0 0.06586270871985157 0.6301587301587301 0.03896103896103896 0.06031746031746032
0 0.03710575139146568 0.6523809523809524 0.03339517625231911 0.04126984126984127
0 0.1345083487940631 0.6841269841269841 0.05380333951762523 0.10476190476190476
0 0.12894248608534323 0.6222222222222222 0.03153988868274583 0.06349206349206349
0 0.18923933209647495 0.6174603174603175 0.03339517625231911 0.06666666666666667
0 0.24675324675324675 0.6333333333333333 0.03710575139146568 0.07936507936507936
0 0.12152133580705009 0.9063492063492063 0.1280148423005566 0.1492063492063492
0 0.323747680890538 0.6349206349206349 0.03525046382189239 0.05714285714285714
0 0.3979591836734694 0.6238095238095238 0.04638218923933209 0.07301587301587302
0 0.44341372912801486 0.6079365079365079 0.03339517625231911 0.06031746031746032
0 0.47959183673469385 0.5174603174603175 0.02411873840445269 0.06349206349206349
0 0.4090909090909091 0.707936507936508 0.05380333951762523 0.11428571428571428
0 0.4897959183673469 0.6571428571428571 0.03710575139146568 0.08888888888888889
0 0.5018552875695733 0.7555555555555555 0.0575139146567718 0.10793650793650794
0 0.5371057513914657 0.9 0.10946196660482375 0.18095238095238095
0 0.5602968460111317 0.6634920634920635 0.04823747680890538 0.08253968253968254
0 0.6113172541743971 0.6190476190476191 0.03153988868274583 0.06349206349206349
0 0.6289424860853432 0.638095238095238 0.03710575139146568 0.06349206349206349
0 0.6669758812615956 0.6428571428571429 0.03896103896103896 0.07301587301587302
0 0.7050092764378478 0.7126984126984127 0.05194805194805195 0.12380952380952381
0 0.7402597402597403 0.6222222222222222 0.025974025974025976 0.05714285714285714
0 0.7727272727272727 0.6317460317460317 0.03153988868274583 0.06984126984126984
0 0.8107606679035251 0.653968253968254 0.029684601113172542 0.05714285714285714
0 0.8506493506493507 0.6666666666666666 0.03896103896103896 0.08888888888888889
0 0.9174397031539888 0.6301587301587301 0.03153988868274583 0.06031746031746032
