0 0.052398989898989896 0.40577651515151514 0.0946969696969697 0.14299242424242425
0 0.15888047138047137 0.3832070707070707 0.06313131313131314 0.1167929292929293
0 0.1348905723905724 0.2627840909090909 0.04335016835016835 0.06092171717171717
0 0.24116161616161616 0.2212752525252525 0.03282828282828283 0.05366161616161616
0 0.2569444444444444 0.36000631313131315 0.046296296296296294 0.08112373737373738
0 0.29124579124579125 0.3290719696969697 0.046296296296296294 0.08428030303030302
0 0.32154882154882153 0.3158143939393939 0.03787878787878788 0.06407828282828283
0 0.33722643097643096 0.29277146464646464 0.03009259259259259 0.06849747474747475
0 0.5810185185185185 0.3096590909090909 0.029461279461279462 0.05366161616161616
0 0.6206860269360269 0.3036616161616162 0.037247474747474744 0.06313131313131314
0 0.6396254208754208 0.34958964646464646 0.045664983164983165 0.08301767676767677
0 0.6844486531986532 0.333175505050505 0.05829124579124579 0.08617424242424243
0 0.7522095959595959 0.3500631313131313 0.07007575757575757 0.11994949494949494
0 0.8353324915824916 0.2132260101010101 0.11005892255892256 0.1726641414141414
