0 0.167 0.39039039039039036 0.038 0.07207207207207207
0 0.212 0.4369369369369369 0.084 0.15915915915915915
0 0.253 0.39039039039039036 0.05 0.09009009009009009
0 0.313 0.34984984984984985 0.066 0.0990990990990991
0 0.346 0.38738738738738737 0.064 0.10810810810810811
0 0.346 0.506006006006006 0.072 0.12312312312312312
0 0.375 0.6201201201201201 0.114 0.23123123123123124
0 0.416 0.481981981981982 0.092 0.14114114114114115
0 0.412 0.3948948948948949 0.064 0.08708708708708708
0 0.459 0.3033033033033033 0.062 0.11411411411411411
0 0.488 0.43243243243243246 0.072 0.14414414414414414
0 0.537 0.40540540540540543 0.098 0.1921921921921922
0 0.574 0.524024024024024 0.132 0.23723723723723725
0 0.507 0.33783783783783783 0.062 0.08708708708708708
0 0.592 0.3303303303303303 0.064 0.1021021021021021
0 0.67 0.34534534534534533 0.04 0.09009009009009009
0 0.724 0.36036036036036034 0.104 0.1921921921921922
0 0.817 0.3183183183183183 0.078 0.15015015015015015
0 0.837 0.36786786786786785 0.094 0.16516516516516516
0 0.854 0.536036036036036 0.116 0.21921921921921922
0 0.897 0.3483483483483483 0.058 0.12012012012012012
