0 0.06162246489859594 0.6717451523545707 0.12012480499219969 0.2631578947368421
0 0.14664586583463338 0.4515235457063712 0.0811232449297972 0.15512465373961218
0 0.0655226209048362 0.35318559556786705 0.056162246489859596 0.10249307479224377
0 0.0390015600624025 0.29085872576177285 0.0405616224648986 0.09418282548476455
0 0.0514820592823713 0.2409972299168975 0.0249609984399376 0.04986149584487535
0 0.08970358814352575 0.24653739612188366 0.0234009360374415 0.055401662049861494
0 0.12402496099843993 0.23961218836565096 0.0265210608424337 0.05263157894736842
0 0.11232449297971919 0.21606648199445982 0.0187207488299532 0.038781163434903045
0 0.16926677067082682 0.26869806094182824 0.029641185647425898 0.04986149584487535
0 0.19032761310452417 0.2590027700831025 0.0249609984399376 0.05263157894736842
0 0.1981279251170047 0.21745152354570638 0.0218408736349454 0.04155124653739612
0 0.2121684867394696 0.33518005540166207 0.0530421216848674 0.0886426592797784
0 0.24258970358814352 0.2880886426592798 0.0327613104524181 0.0664819944598338
0 0.24102964118564743 0.2188365650969529 0.0234009360374415 0.0443213296398892
0 0.28081123244929795 0.3656509695290859 0.056162246489859596 0.12188365650969529
0 0.3034321372854914 0.2562326869806094 0.0265210608424337 0.05263157894736842
0 0.296411856474259 0.22853185595567868 0.0218408736349454 0.04155124653739612
0 0.2995319812792512 0.1634349030470914 0.0187207488299532 0.038781163434903045
0 0.3338533541341654 0.27285318559556787 0.0374414976599064 0.08587257617728532
0 0.3580343213728549 0.23545706371191136 0.0234009360374415 0.055401662049861494
0 0.3502340093603744 0.1786703601108033 0.0171606864274571 0.04155124653739612
0 0.374414976599064 0.26038781163434904 0.0249609984399376 0.060941828254847646
0 0.40639625585023403 0.2756232686980609 0.0327613104524181 0.06925207756232687
0 0.41809672386895474 0.3185595567867036 0.0405616224648986 0.07756232686980609
0 0.38065522620904835 0.5526315789473685 0.0873634945397816 0.21329639889196675
0 0.6029641185647426 0.4903047091412742 0.08268330733229329 0.19390581717451524
0 0.5959438377535101 0.3365650969529086 0.046801872074883 0.09141274238227147
0 0.5826833073322933 0.24930747922437674 0.0234009360374415 0.0664819944598338
0 0.5600624024960998 0.2520775623268698 0.0218408736349454 0.0443213296398892
0 0.5358814352574103 0.23961218836565096 0.0202808112324493 0.04709141274238227
0 0.5195007800312013 0.2756232686980609 0.028081123244929798 0.05263157894736842
0 0.5358814352574103 0.3157894736842105 0.029641185647425898 0.07202216066481995
0 0.5070202808112324 0.23822714681440443 0.0187207488299532 0.0443213296398892
0 0.49297971918876754 0.22853185595567868 0.0218408736349454 0.05263157894736842
0 0.4781591263650546 0.2409972299168975 0.0234009360374415 0.0443213296398892
0 0.4609984399375975 0.2299168975069252 0.0202808112324493 0.04986149584487535
0 0.3923556942277691 0.21745152354570638 0.0202808112324493 0.036011080332409975
0 0.6177847113884556 0.27008310249307477 0.031201248049921998 0.06925207756232687
0 0.6606864274570983 0.25761772853185594 0.0265210608424337 0.0664819944598338
0 0.6848673946957878 0.3448753462603878 0.0374414976599064 0.09695290858725762
0 0.7316692667706708 0.3559556786703601 0.0374414976599064 0.09695290858725762
0 0.7371294851794071 0.28116343490304707 0.029641185647425898 0.06371191135734072
0 0.718408736349454 0.24792243767313019 0.029641185647425898 0.05817174515235457
0 0.7620904836193447 0.26454293628808867 0.0234009360374415 0.05263157894736842
0 0.7698907956318253 0.30886426592797783 0.0327613104524181 0.06925207756232687
0 0.8135725429017161 0.2590027700831025 0.0265210608424337 0.05817174515235457
0 0.8408736349453978 0.27285318559556787 0.028081123244929798 0.06371191135734072
0 0.858034321372855 0.26454293628808867 0.031201248049921998 0.05817174515235457
0 0.8736349453978159 0.31024930747922436 0.0343213728549142 0.0664819944598338
0 0.8408736349453978 0.4085872576177285 0.059282371294851796 0.12465373961218837
0 0.9024960998439937 0.40443213296398894 0.0421216848673947 0.09418282548476455
0 0.953198127925117 0.3476454293628809 0.0436817472698908 0.08033240997229917
0 0.9352574102964119 0.26177285318559557 0.0234009360374415 0.06925207756232687
