0 0.056 0.5918674698795181 0.036 0.0572289156626506
0 0.049 0.5557228915662651 0.03 0.05120481927710843
0 0.077 0.552710843373494 0.026 0.05120481927710843
0 0.093 0.5813253012048193 0.038 0.06626506024096386
0 0.135 0.5647590361445783 0.034 0.05120481927710843
0 0.188 0.5903614457831325 0.04 0.06626506024096386
0 0.199 0.5677710843373494 0.03 0.045180722891566265
0 0.234 0.5512048192771084 0.032 0.04819277108433735
0 0.24 0.5843373493975904 0.032 0.05421686746987952
0 0.286 0.5768072289156626 0.04 0.06927710843373494
0 0.318 0.5587349397590361 0.032 0.05120481927710843
0 0.339 0.5753012048192772 0.038 0.06626506024096386
0 0.398 0.572289156626506 0.036 0.07228915662650602
0 0.439 0.5813253012048193 0.038 0.06626506024096386
0 0.503 0.5813253012048193 0.038 0.060240963855421686
0 0.572 0.5662650602409639 0.036 0.060240963855421686
0 0.599 0.5798192771084337 0.03 0.0572289156626506
0 0.643 0.5753012048192772 0.038 0.06626506024096386
0 0.755 0.5873493975903614 0.034 0.05421686746987952
0 0.781 0.47740963855421686 0.03 0.06325301204819277
