0 0.218125 0.49083333333333334 0.03125 0.045
0 0.218125 0.5233333333333333 0.02625 0.043333333333333335
0 0.238125 0.5425 0.03125 0.04833333333333333
0 0.274375 0.5466666666666666 0.04875 0.06333333333333334
0 0.325 0.6125 0.065 0.08833333333333333
0 0.3925 0.6866666666666666 0.085 0.13333333333333333
0 0.40875 0.5583333333333333 0.05 0.07
0 0.345 0.5308333333333334 0.04 0.055
0 0.3175 0.5341666666666667 0.03 0.04833333333333333
0 0.29125 0.5058333333333334 0.0275 0.045
0 0.505 0.6216666666666667 0.0575 0.08666666666666667
0 0.596875 0.6058333333333333 0.07125 0.09833333333333333
0 0.48875 0.495 0.035 0.05333333333333334
0 0.46875 0.48833333333333334 0.025 0.043333333333333335
0 0.439375 0.49833333333333335 0.02875 0.04
0 0.518125 0.48583333333333334 0.02125 0.035
0 0.559375 0.49416666666666664 0.02625 0.041666666666666664
0 0.575625 0.5058333333333334 0.03375 0.055
0 0.639375 0.5183333333333333 0.03875 0.06333333333333334
0 0.626875 0.4791666666666667 0.02625 0.041666666666666664
0 0.668125 0.4666666666666667 0.02625 0.03333333333333333
0 0.699375 0.4925 0.03375 0.04833333333333333
0 0.728125 0.47833333333333333 0.02125 0.04
0 0.7425 0.4666666666666667 0.02 0.03666666666666667
0 0.766875 0.4766666666666667 0.03375 0.04666666666666667
0 0.786875 0.49 0.03375 0.04666666666666667
0 0.801875 0.4691666666666667 0.03125 0.045
0 0.7325 0.5891666666666666 0.0675 0.095
0 0.914375 0.5958333333333333 0.09125 0.12166666666666667
0 0.868125 0.5216666666666666 0.03625 0.056666666666666664
0 0.885625 0.4866666666666667 0.03625 0.056666666666666664
0 0.934375 0.5108333333333334 0.06125 0.08833333333333333
0 0.91375 0.4475 0.025 0.03166666666666667
0 0.953125 0.445 0.02875 0.03
0 0.978125 0.43583333333333335 0.02125 0.03833333333333333
0 0.985 0.48833333333333334 0.0275 0.05333333333333334
0 0.691875 0.37333333333333335 0.02125 0.023333333333333334
