0 0.30333333333333334 0.44125 0.08666666666666667 0.1475
0 0.2275 0.3925 0.045 0.07
0 0.17666666666666667 0.43625 0.06666666666666667 0.1125
0 0.13083333333333333 0.375 0.041666666666666664 0.07
0 0.10583333333333333 0.34375 0.028333333333333332 0.0525
0 0.07416666666666667 0.38375 0.058333333333333334 0.0825
0 0.06833333333333333 0.27375 0.02666666666666667 0.0475
0 0.095 0.26625 0.02666666666666667 0.0425
0 0.20166666666666666 0.33875 0.03 0.0525
0 0.2075 0.30375 0.021666666666666667 0.0325
0 0.24416666666666667 0.3675 0.03833333333333333 0.075
0 0.26916666666666667 0.33625 0.03833333333333333 0.0575
0 0.30333333333333334 0.32125 0.023333333333333334 0.0425
0 0.34 0.35375 0.03666666666666667 0.0575
0 0.3425 0.32125 0.03166666666666667 0.0475
0 0.35583333333333333 0.3125 0.018333333333333333 0.035
0 0.4058333333333333 0.34 0.03166666666666667 0.055
0 0.4125 0.31375 0.018333333333333333 0.0375
0 0.4775 0.43625 0.08166666666666667 0.1275
0 0.45 0.37875 0.05333333333333334 0.0775
0 0.4775 0.32625 0.03166666666666667 0.0475
0 0.52 0.35125 0.04666666666666667 0.0875
0 0.57 0.3975 0.056666666666666664 0.1
0 0.605 0.33875 0.043333333333333335 0.0675
0 0.6691666666666667 0.38875 0.058333333333333334 0.0975
0 0.675 0.3375 0.043333333333333335 0.06
0 0.6283333333333333 0.315 0.02 0.035
0 0.545 0.34125 0.02666666666666667 0.0525
0 0.5416666666666666 0.31375 0.016666666666666666 0.0325
0 0.7041666666666667 0.3175 0.018333333333333333 0.035
0 0.7266666666666667 0.31625 0.023333333333333334 0.0325
0 0.7475 0.35 0.03833333333333333 0.065
0 0.775 0.33875 0.023333333333333334 0.0525
0 0.7991666666666667 0.3475 0.035 0.06
0 0.8333333333333334 0.3375 0.03 0.055
0 0.8658333333333333 0.3675 0.051666666666666666 0.085
0 0.9116666666666666 0.35 0.04666666666666667 0.08
0 0.9325 0.31875 0.025 0.0525
0 0.9875 0.32125 0.021666666666666667 0.0475
0 0.9575 0.32125 0.021666666666666667 0.0375
0 0.8658333333333333 0.3125 0.021666666666666667 0.045
